script: write failed: Input/output error
script: write error
.000014 39
0.000005 277
2.057659 37
0.007830 60
0.138595 61
0.007452 32
0.184154 37
0.007725 32
0.099358 37
0.007390 32
0.162696 37
0.007589 32
0.071676 49
0.020415 32
0.088580 37
0.007628 32
0.294523 39
0.099926 51
0.499716 39
0.023510 39
0.034728 39
0.030529 39
0.027644 39
0.034248 32
0.027406 32
0.029895 32
0.029663 32
0.031970 32
0.026406 32
0.031770 32
0.032988 32
0.027703 32
0.032563 32
0.029872 32
0.026697 32
0.034482 32
0.026094 32
0.034218 32
0.026328 32
0.035314 32
0.026290 32
0.029372 32
0.031742 32
0.031766 32
0.031392 32
0.026541 32
0.033154 32
0.025713 32
0.034170 32
0.038491 32
0.015469 32
0.033532 32
0.035042 32
0.027261 32
0.028711 32
0.030559 32
0.031845 32
0.029156 32
0.030544 32
0.029008 32
0.031776 32
0.029107 32
0.029504 32
0.031397 32
0.027770 32
0.034965 32
0.028261 32
0.182121 37
0.007642 55
0.100361 61
0.008010 51
0.075543 52
0.007618 50
1.048928 51
0.007714 49
0.203073 50
0.007474 48
0.056692 49
0.007842 47
0.294596 32
0.009893 135
0.008124 41
1.540954 129
0.022090 32
0.229365 213
0.000147 8
0.002235 55
0.141337 63
0.008176 9
0.001615 191
0.013737 91
0.000022 357
1.365387 37
0.008228 190
0.078940 191
0.007202 32
0.076286 37
0.007334 32
0.416401 39
0.151637 39
0.159864 39
0.155619 32
0.180426 32
0.176491 32
1.072169 37
0.007592 62
0.105390 63
0.008209 61
0.080571 62
0.007596 60
0.577621 61
0.008009 59
0.149023 60
0.007433 60
0.109422 61
0.007635 59
0.680448 59
0.007653 32
0.477678 234
0.000225 8
0.073584 249
0.000563 64
0.106064 63
0.005562 9
0.001875 203
0.010915 147
0.000022 277
1.070464 73
0.940940 67
2.075565 37
0.006606 59
0.065349 60
0.006863 58
0.080192 59
0.007778 57
0.085428 32
0.038659 123
0.700264 141
0.006965 32
0.430702 232
0.000186 8
0.002112 63
0.137805 63
0.011758 5
0.000022 4
0.001613 191
0.009324 421
0.305291 59
0.100818 73
0.865739 225
0.000404 8
0.005089 63
0.013408 23
0.000046 2
0.152202 63
0.010081 9
0.001908 206
0.011221 412
2.403230 37
0.006010 48
0.068518 49
0.005723 47
0.148395 48
0.006140 46
0.160254 47
0.005864 45
0.042667 43
0.005929 41
0.147462 49
0.006117 32
0.124349 37
0.005948 57
1.381684 32
0.032540 302
1.513703 100
0.240127 144
0.312564 150
0.361211 131
0.201380 153
0.173058 135
0.165179 156
0.167273 132
0.206224 152
0.154241 138
2.243682 134
0.193192 146
0.198725 105
0.182170 85
0.178147 144
0.176295 150
0.179106 131
0.191984 153
0.179421 135
0.212912 156
0.224303 132
0.212185 152
0.480121 246
0.000198 8
0.006934 67
0.200763 51
0.000085 51
0.000055 51
0.000030 51
0.000037 51
0.000049 51
0.000039 51
0.000034 51
0.000032 2
0.000029 15
1.052945 79
4.355654 39
0.000021 97
1.204050 14
0.150991 2
0.000022 44
0.000022 33
6.308098 136
5.620844 43
6.312060 79
9.912058 113
0.000044 97
0.452166 43
0.361665 2
0.000011 2
0.000011 42
0.000012 33
33.246026 335
0.000062 98
1.202828 43
1.052556 2
0.000091 77
49.555500 520
0.000180 98
0.552121 43
0.452004 2
0.000019 2
0.000011 42
0.000015 33
10.362892 76
0.000039 97
0.552072 43
0.100518 2
0.000011 2
0.000009 42
0.000012 33
20.824354 187
0.000110 98
0.452052 43
0.552070 2
0.000011 2
0.000006 42
0.000020 33
14.326840 150
0.000037 98
0.782869 43
0.361519 2
0.000013 2
0.000009 75
96.007199 1024
9.912187 88
0.000073 98
4.657334 43
1.713538 79
41.905633 409
0.000085 98
0.210855 43
1.362767 2
0.000013 2
0.000014 42
0.000028 33
50.551348 446
0.000045 98
0.000018 43
0.000039 79
26.309686 224
0.000058 98
0.912078 43
0.911961 2
0.000018 2
0.000079 75
15.979288 150
0.000027 98
1.202685 43
0.551480 2
0.000012 2
0.000011 42
0.000014 33
38.320940 372
0.000098 98
1.362956 43
0.551773 79
7.420261 173
1.362694 14
0.912244 2
0.000020 44
0.000024 33
105.953882 1024
9.472080 88
0.000250 98
0.210823 43
0.361272 2
0.000011 2
0.000006 42
0.000065 33
15.978812 150
0.000059 98
0.781981 43
0.661712 2
0.000024 44
0.000145 33
0.451170 98
1.533090 14
0.361150 2
0.000020 2
0.000006 42
0.000022 33
16.832179 2
0.298028 844
0.000025 226
0.010494 49
0.281045 148
0.866737 63
0.010989 9
0.003659 223
0.003160 293
1.146046 70
0.410437 62
0.301802 70
1.818944 263
0.000177 8
0.007487 67
0.201664 51
0.000051 102
0.000065 153
0.000021 51
0.000019 51
0.000016 2
0.000015 15
1.052469 2
0.000013 2
0.000015 42
0.000032 33
33.246149 335
0.000102 98
0.281004 43
0.551471 2
0.000013 2
0.000008 42
0.000032 33
51.563628 618
0.781972 43
0.451393 2
0.000028 2
0.000010 42
0.000109 33
42.825533 409
0.000080 98
0.000022 43
1.202449 2
0.000015 2
0.000010 42
0.000014 33
101.624529 1001
0.000103 98
0.010133 43
0.000024 2
0.000016 2
0.000014 42
0.000016 33
101.626663 1024
41.903695 421
0.000094 99
1.052315 43
0.210739 2
0.000027 44
0.000031 33
31.634593 298
0.000054 98
1.052387 43
1.052194 2
0.000125 77
2.764257 2
0.000172 97
1.713353 45
0.661792 2
0.000115 77
10.363179 76
0.000016 97
0.912328 43
1.052163 2
0.000035 44
0.000032 33
12.765507 113
0.000076 97
2.314425 43
1.202642 2
0.000123 77
9.198626 2
0.273342 581
0.030512 74
0.718048 63
0.010905 5
0.000012 4
0.001881 222
0.002291 293
2531.561284 37
0.001959 70
0.065086 71
0.004040 54
0.812128 54
0.001729 32
0.716718 32
0.034825 49
0.001460 32
0.827488 37
0.002038 32
0.584576 32
0.047313 828
0.954647 422
0.003734 32
0.078774 37
0.004689 32
0.450699 37
0.002931 32
0.250688 32
0.141470 32
0.249824 37
0.003276 32
0.351956 32
0.037866 32
0.459697 39
0.491733 37
0.002545 32
0.074594 32
0.034352 32
0.220630 32
0.035636 32
0.131115 32
0.034663 32
0.145261 39
0.157424 39
0.149018 39
0.705920 39
0.223087 32
0.037135 435
9.950857 422
0.003648 32
0.645063 37
0.002992 32
0.114725 37
0.002133 32
0.209704 32
0.035108 32
0.199721 39
0.135012 39
0.784048 37
0.002436 32
0.311048 39
0.130515 37
0.003432 32
0.195841 32
0.037998 62
0.001704 32
0.628693 268
0.000246 8
0.006778 67
0.020314 50
0.146179 63
0.009637 9
0.002317 206
0.004051 303
0.833276 76
0.270232 252
0.000237 8
0.007304 67
0.020620 50
0.141320 63
0.008259 9
0.001624 206
0.002617 297
0.363123 76
0.264062 252
0.000305 8
0.007826 67
0.000203 50
0.159843 63
0.013346 9
0.002131 206
0.002349 293
3.144177 76
0.324946 252
0.000234 8
0.011733 67
0.020344 50
0.137966 63
0.011412 9
0.002220 206
0.004876 293
1.378044 76
0.344664 252
0.000172 8
0.007645 67
0.020233 50
0.138877 63
0.005545 9
0.001866 206
0.003022 293
0.892746 76
0.295972 252
0.000206 8
0.008790 67
0.020477 50
0.152144 63
0.007764 9
0.002017 206
0.003146 293
0.402098 76
0.500336 252
0.000296 8
0.007406 67
0.020481 50
0.146581 63
0.012331 9
0.001977 206
0.002393 293
0.328877 76
0.378320 252
0.000210 8
0.008018 67
0.020402 50
0.129179 63
0.008141 5
0.000011 4
0.001787 206
0.002516 293
0.455993 76
0.301129 252
0.000196 8
0.006974 67
0.020359 50
0.138007 63
0.012243 5
0.000011 4
0.002228 206
0.002370 293
93082.036818 46
0.016127 50
1.001732 54
0.001749 41
0.108050 40
0.001747 32
0.133351 40
0.002529 32
0.615182 44
0.001521 32
0.110637 37
0.002351 32
0.085676 37
0.001453 32
0.295204 32
0.045552 39
0.001979 32
2.037452 53
0.001613 32
0.369498 239
0.040607 8
0.143575 63
0.382838 63
0.049326 5
0.000214 4
0.008787 206
0.004792 293
0.577899 40
0.002871 52
0.050179 56
0.002343 51
0.716845 65
0.001167 32
0.062757 37
0.001626 32
0.703081 39
0.289311 51
0.207390 32
0.804783 1560
0.027919 1230
0.002216 32
0.148431 37
0.002541 32
0.539960 37
0.002696 32
0.186775 32
0.093937 60
0.002912 32
2.019833 232
0.000343 8
0.009659 73
0.901999 111
0.000127 1093
0.010514 1582
0.010069 639
0.000056 412
0.010290 1568
0.010716 368
0.781685 188
0.661621 188
0.454723 101
0.013387 87
0.548419 87
0.280924 101
0.211093 87
0.551160 101
0.210635 87
0.281026 101
0.280914 87
0.451707 101
0.281048 87
0.210779 101
0.280781 87
0.451262 101
0.210742 87
0.451128 101
0.210728 87
0.451187 101
0.210845 87
0.451183 101
0.210721 87
0.451139 101
0.210689 87
0.451311 101
0.211155 87
0.451053 101
0.210915 87
0.451144 101
0.282608 87
0.552183 101
0.360871 87
0.281164 101
0.451292 87
0.551256 101
0.553064 203
0.455332 203
0.361854 101
0.009454 101
0.781852 201
0.781785 202
0.781822 202
0.781580 202
0.781799 202
0.783833 202
0.781645 202
0.781666 101
0.010237 101
0.911912 202
0.911998 202
0.666457 202
0.913295 202
0.781633 202
0.781951 201
0.911817 201
0.781836 202
0.781940 202
0.781927 202
0.911935 202
0.782583 202
0.782031 202
0.913343 202
0.914589 202
0.916027 202
0.919183 101
0.063410 100
0.913352 101
0.008892 101
0.920904 201
0.915301 203
0.911992 203
0.915535 203
0.917253 202
0.915278 203
0.783052 203
0.665217 203
0.782255 203
0.781845 203
0.551267 203
0.786113 202
0.661597 203
0.552043 203
0.551523 203
0.661883 202
0.554849 203
0.551863 203
0.553610 203
0.556098 309
0.008182 101
0.281244 101
4.068988 1144
0.010379 592
0.656155 63
0.012271 5
0.000022 4
0.003111 208
0.002461 293
237.030671 56
1.021723 208
0.000119 2
0.000047 24
0.000304 8
0.008792 73
1.356747 1204
0.010252 1582
0.010369 376
0.000021 675
0.010506 1568
0.010161 368
0.661694 188
0.551747 188
0.551494 188
0.551440 188
0.451207 188
0.551341 87
0.150697 101
0.551438 87
0.210650 101
0.281381 87
0.280983 101
0.280983 87
0.210746 101
0.280851 87
0.210995 100
0.361102 87
0.150731 101
0.554535 87
0.281322 101
0.210650 87
0.455569 101
0.277483 101
0.551588 394
3.516814 1730
0.461349 63
0.010116 5
0.000029 4
0.002679 208
0.002626 293
73.311109 56
0.369046 234
0.000159 8
0.008195 73
1.048829 1204
0.010382 539
0.000183 521
0.012529 1093
0.010309 1092
0.013309 1037
0.007569 287
0.781974 188
0.662640 188
0.551222 188
0.451275 188
0.551967 101
0.451450 101
0.451517 292
0.913596 1075
0.010150 150
0.212046 63
0.008769 9
0.003170 207
0.004109 293
34.860539 56
0.757963 233
0.000425 8
0.009729 73
0.902106 1204
0.010697 1582
0.010115 1051
0.010256 323
0.010549 289
0.030411 1037
0.010244 287
0.911877 188
0.551504 188
0.451542 188
0.781680 188
0.784390 188
0.451360 188
0.553068 87
0.210754 101
0.280922 87
0.552047 188
0.661698 188
0.586709 188
0.551588 188
0.781929 188
0.662097 188
0.781690 188
0.453224 101
0.010083 87
0.551418 87
0.280896 101
0.551546 87
0.060421 101
0.666553 188
0.283043 87
0.365642 100
0.561179 87
0.369296 101
0.553845 87
0.551545 101
0.456594 101
0.030519 102
0.556468 100
0.461862 203
0.551355 203
0.451388 202
0.911958 202
0.915937 201
0.911921 202
0.665174 101
0.027232 101
0.781904 202
0.786950 101
0.005010 101
0.911952 202
0.915188 202
0.786132 202
0.915185 201
0.913807 202
0.911990 202
0.783650 102
0.060391 100
0.362482 101
0.365963 102
0.451037 101
0.451294 102
0.454967 101
0.451524 102
0.451418 101
0.361018 102
0.451391 101
0.454628 102
0.361058 101
0.451272 102
0.455763 101
0.285052 102
0.453139 101
0.451466 102
0.360998 101
0.363948 102
0.451090 101
0.451354 102
0.361928 101
0.361177 102
0.451655 100
0.363024 102
0.451744 101
0.281911 102
0.451923 101
0.451280 102
0.451478 99
0.281043 102
0.451837 101
0.361832 102
0.451501 101
0.363494 102
0.451297 100
0.282336 102
0.451812 101
0.281151 102
0.451206 101
0.365001 102
0.458026 101
0.451436 101
0.361163 101
0.453736 102
0.451778 101
0.364609 203
0.784577 203
0.551563 203
0.664343 203
0.782667 203
0.791458 203
0.783147 202
0.661274 203
1.060667 203
0.454512 102
0.010717 101
0.783571 409
0.364124 101
5.976438 1145
0.010322 592
0.601832 63
0.008091 5
0.000026 4
0.002410 209
0.002736 293
710.369532 56
0.940132 235
0.000396 8
0.007487 73
0.771610 1204
0.010237 1582
0.010297 639
0.000058 412
0.010283 838
0.000020 730
0.010348 368
0.664126 101
0.280946 87
0.551184 188
0.661526 188
0.551343 188
0.661425 188
0.781698 188
0.781901 188
0.551668 188
0.451243 188
0.661784 188
0.781820 188
0.551512 188
0.781863 188
0.661510 188
0.551482 101
0.033308 87
0.782512 188
0.781827 188
0.781613 188
0.661569 206
0.913356 203
0.783926 202
0.782986 202
0.661411 101
0.030386 101
0.781718 202
0.785760 202
0.911895 202
0.665070 202
0.782012 100
0.010123 101
0.781759 202
0.781670 101
0.030365 101
0.782543 202
0.787434 202
0.783035 202
0.781761 101
0.030530 101
0.781561 202
0.781720 202
0.912302 201
0.782131 201
0.661660 101
0.012528 100
0.779875 101
0.030430 100
0.781643 201
0.782130 202
0.781866 202
0.781623 202
0.662281 101
0.030366 101
0.782257 202
0.785863 202
0.661777 101
0.030489 101
0.912553 202
0.661534 202
0.781770 202
0.662517 101
0.010332 101
0.781993 202
0.781856 202
0.661546 202
0.782288 202
0.661580 202
0.363548 202
0.788221 202
0.551365 202
0.454140 202
0.661626 202
0.783897 202
0.552959 202
0.451102 202
0.212293 206
0.282486 101
2.533820 1145
0.010291 592
0.178569 63
0.035008 9
0.001860 208
0.002550 293
53.132414 56
1.066404 234
0.000190 8
0.008796 73
0.901867 1204
0.010336 1582
0.010336 1051
0.010500 1568
0.010228 368
0.661527 101
0.280836 87
0.210767 101
0.280839 87
0.451357 101
0.280963 87
0.557790 101
0.216459 101
0.551301 392
0.912068 1075
0.010640 150
0.143936 63
0.013739 9
0.002278 207
0.002773 293
77.952011 56
0.760689 233
0.000455 8
0.008435 73
0.771950 1204
0.010277 1582
0.010378 1051
0.010314 838
0.000018 730
0.010350 368
0.781736 188
0.451164 188
0.781639 188
0.451934 187
0.280813 101
0.551798 101
0.150315 292
0.781636 1075
0.010295 150
0.176345 63
0.014498 9
0.001913 207
0.002355 293
12.325979 56
0.363073 233
0.000258 8
0.011103 73
0.902046 1204
0.010165 1582
0.010376 1051
0.010299 733
0.000059 835
0.010472 368
0.664494 101
0.280851 87
0.210839 101
0.551574 188
0.453595 188
0.551526 101
0.451462 101
0.451125 292
0.842087 1225
0.223991 63
0.009973 9
0.001727 207
0.002394 293
37.180385 56
0.414111 233
0.000187 8
0.009430 73
0.771933 1204
0.010381 1582
0.010276 949
0.010483 425
0.030320 289
0.030779 1037
0.010315 287
0.911692 188
0.551228 188
0.451174 188
0.781520 187
0.150724 101
0.552220 101
0.211551 292
0.781680 871
0.000047 203
0.010638 150
0.309823 63
0.009500 9
0.001690 207
0.002475 293
490.488447 37
0.001555 65
0.093052 66
0.001367 64
0.276889 63
0.167176 39
0.186776 32
2.120977 37
0.002744 190
0.089518 191
0.003546 55
0.078758 56
0.002550 54
0.116887 64
0.001914 52
0.098289 53
0.001987 51
0.114444 52
0.003030 32
0.118277 37
0.002659 32
0.013042 37
0.001812 32
1.634103 37
0.002287 32
0.185737 37
0.003579 32
0.921836 39
0.302222 39
2.768046 37
0.002020 32
0.239346 37
0.002899 32
0.218135 37
0.001571 32
0.555887 37
0.002062 32
0.285611 37
0.001466 32
0.284059 39
0.691320 37
0.004356 32
0.316242 39
0.116446 39
0.130496 39
0.139819 39
0.206974 39
0.417882 37
0.002668 32
0.208372 37
0.001299 32
0.279846 37
0.002816 32
0.199182 37
0.001198 32
0.044540 40
0.002972 32
1.132306 40
0.002096 32
0.219197 40
0.001230 32
0.566365 39
0.083404 40
0.001163 32
0.168897 40
0.003452 32
0.241975 40
0.002132 32
1.209920 40
0.001175 32
0.071483 49
0.001187 32
0.925572 36
0.152935 36
0.335133 33
0.130089 70
0.001172 32
0.365929 75
0.002781 32
0.085762 70
0.001187 32
0.126629 68
0.002746 32
0.251254 68
0.002001 32
0.216498 74
0.130461 74
0.139384 85
0.445850 74
0.216317 75
0.001799 32
0.167338 70
0.001808 32
0.130214 68
0.001712 32
0.148208 68
0.001195 32
0.549742 74
0.515361 82
0.002124 32
0.208749 75
0.001676 32
0.462496 77
0.002947 32
0.144496 68
0.003516 32
0.303310 32
0.069598 91
0.001234 32
3.955058 282
0.000520 8
0.572859 67
0.020658 42
0.133230 63
0.006759 5
0.000021 4
0.002275 206
0.003245 204
0.000267 8
0.174696 63
0.007843 5
0.000109 4
0.002873 206
0.008623 293
628.530643 105
0.187658 90
0.307638 110
0.147331 79
0.385030 105
477.241732 90
0.385353 110
0.152848 79
0.163251 32
0.367279 32
6911.794259 37
0.002170 56
0.076384 62
0.002086 55
0.056556 56
0.000564 54
0.207628 57
0.001267 52
0.147660 56
0.001298 51
0.236261 55
0.002185 50
0.874284 58
0.002058 32
0.117985 37
0.001213 32
0.331978 39
0.107555 52
0.135921 44
0.002708 49
0.199289 50
0.002844 48
0.352167 32
0.004527 46
0.002079 41
1.096047 53
0.001303 32
0.255603 239
0.000252 8
0.002801 63
0.078411 63
0.005643 9
0.002127 213
0.004719 293
65.328686 63
0.254948 110
1.279915 97
0.153495 59
0.123630 32
0.141001 32
4.221463 37
0.001411 59
0.969414 58
0.144826 32
0.761502 37
0.001343 47
0.163905 48
0.001354 64
0.103104 65
0.001377 63
0.061053 74
0.001274 62
0.131939 63
0.001452 61
0.324631 62
0.001236 32
0.199071 37
0.002856 32
0.346068 39
0.309407 37
0.001362 32
0.063161 37
0.002544 32
0.191091 32
0.055560 603
0.655302 79
0.576825 119
0.576848 92
0.609869 102
0.002672 32
0.221869 37
0.001749 32
0.183635 32
0.244015 32
0.135454 39
0.151793 39
0.208394 32
0.040612 109
0.122562 102
0.003205 32
0.602804 37
0.005398 32
0.083784 37
0.003268 32
0.136560 37
0.003147 32
0.038047 37
0.004844 32
0.019851 37
0.003344 32
0.089785 32
0.050070 32
0.528943 39
0.219385 37
0.001778 32
0.237039 37
0.002487 32
0.226521 32
0.044887 32
0.323923 37
0.001768 32
1.699231 37
0.001746 32
0.103703 37
0.004586 32
0.228163 32
0.052904 32
0.250398 32
0.055765 32
0.404176 39
0.168318 39
2.352776 37
0.002629 32
0.084935 37
0.001752 32
0.099691 37
0.003029 32
0.092867 37
0.003810 32
0.097270 37
0.004207 32
0.156898 37
0.001816 32
0.073336 37
0.003063 32
0.297939 249
0.000254 8
0.031727 43
0.045341 63
0.005516 5
0.000013 4
0.001852 225
0.003035 303
0.554332 66
0.565168 36
0.131943 36
0.248563 33
0.070144 33
0.431923 35
0.389435 62
0.107963 62
0.137976 62
0.232710 57
0.002682 32
0.073269 57
0.003030 32
0.137808 260
0.000223 8
0.056261 63
0.008743 9
0.005022 225
0.004639 300
5.005811 37
0.002663 59
0.053632 60
0.001859 32
0.120153 37
0.001853 32
0.229287 32
0.033052 40
0.002843 32
0.974617 39
0.003237 32
0.271425 35
0.543137 33
0.549043 46
0.002633 32
0.442487 46
0.002495 32
0.701810 257
0.000172 8
0.007454 190
0.042979 63
0.005492 5
0.000012 4
0.001936 225
0.002513 293
4.126012 223
0.000187 8
0.047255 63
0.007769 9
0.001752 225
0.002463 293
0.593312 62
0.660463 40
0.002037 32
0.086593 37
0.001202 32
0.166110 37
0.001298 32
0.601225 37
0.002113 32
0.120741 37
0.003103 32
0.223087 37
0.001985 32
0.408997 39
0.055275 37
0.001191 32
0.074087 37
0.002784 32
0.759728 39
0.002636 32
0.698616 50
0.002115 32
0.718314 50
0.002130 32
0.073428 50
0.002070 32
0.171762 50
0.002114 32
0.164024 50
0.002111 32
0.992701 50
0.002110 32
0.169859 50
0.002168 32
0.481794 300
0.000183 8
0.002558 58
0.043835 63
0.006006 9
0.001718 225
0.002494 293
1.269681 105
0.716524 39
0.497219 39
0.066038 39
0.013613 39
0.010600 39
0.029413 39
0.028667 39
0.029353 39
0.030208 39
0.029211 39
0.029459 39
0.030160 39
0.029193 39
0.116855 39
0.141117 39
0.130265 39
0.144524 32
0.339661 32
0.089006 67
0.002894 32
0.043725 39
0.603925 39
0.500504 39
0.034098 39
0.027786 39
0.031650 39
0.028072 39
0.030328 39
0.030079 39
0.030671 39
0.031758 39
0.027911 39
0.030833 39
0.101657 39
0.155617 39
0.295626 39
0.320302 39
0.473117 257
0.000204 8
0.004117 217
0.047659 63
0.009147 9
0.002978 225
0.004030 293
45.164397 37
0.001974 185
0.204157 186
0.001812 184
0.026876 185
0.002432 32
0.116939 37
0.002835 32
0.428447 39
0.143215 39
0.096105 37
0.002001 32
0.095834 37
0.003173 32
0.628249 39
0.127634 39
0.073617 46
0.001275 48
0.085233 49
0.001324 47
0.392581 48
0.001541 82
0.103940 83
0.001202 32
0.144550 37
0.001296 32
0.138770 37
0.001245 32
0.336072 37
0.001166 32
0.117275 37
0.001329 32
0.109119 37
0.001788 32
0.341868 37
0.001197 32
0.101429 37
0.001222 32
0.351111 37
0.001250 32
0.538044 37
0.002229 32
0.183989 37
0.001631 32
0.103340 37
0.002078 32
1.102326 40
0.002086 32
0.114185 50
0.002081 32
0.446432 46
0.001655 32
0.109659 46
0.001343 32
0.133470 46
0.001341 32
0.119294 53
0.001178 32
0.686088 35
2.045529 286
0.000205 8
0.060524 64
0.004722 47
0.000199 50
0.045948 63
0.005988 5
0.000105 4
0.001721 213
0.002520 293
69.420858 1000
0.003913 32
2.247376 114
0.499513 39
0.029393 39
0.031009 39
0.029718 39
0.029579 39
0.030999 39
0.031836 39
0.027003 39
0.031145 39
0.033740 39
0.026950 39
0.031242 39
0.028088 39
0.031519 39
0.031707 39
0.027378 39
0.033524 39
0.027503 39
0.033500 39
0.027225 39
0.028333 39
0.032274 39
0.030207 39
0.027299 39
0.033356 39
0.026441 39
0.031487 39
0.029336 39
0.029108 39
0.029613 39
0.030525 39
0.031102 39
0.029021 39
0.030268 39
0.032692 39
0.028132 39
0.031240 39
0.030699 39
0.029331 39
0.029738 39
0.031472 114
0.029569 39
0.032332 39
0.028367 39
0.030178 39
0.032321 39
0.029229 39
0.032771 39
0.027259 39
0.028742 39
0.030549 39
0.029448 39
0.030995 131
0.032069 51
0.029670 39
0.031978 39
0.027388 56
0.029513 39
0.031070 39
0.027864 39
0.030326 39
0.029523 39
0.031939 39
0.027815 39
0.031942 39
0.028143 39
0.030218 39
0.034775 39
0.032393 39
0.023530 39
0.030298 39
0.031560 39
0.029098 39
0.031762 39
0.030680 39
0.027660 39
0.030946 39
0.031878 39
0.029606 39
0.030855 39
0.029360 39
0.029185 39
0.029827 39
0.032418 39
0.030122 39
0.027666 39
0.030234 39
0.032685 39
0.038082 39
0.023549 39
0.033647 39
0.030847 39
0.026556 39
0.030992 39
0.030049 39
0.030900 39
0.031238 39
0.029853 39
0.030199 39
0.030030 39
0.032071 39
0.030245 39
0.031133 39
0.026439 39
0.031912 39
0.028838 39
0.030811 39
0.032128 39
0.028002 39
0.029860 39
0.031849 39
0.029040 39
0.030878 39
0.029418 39
0.031035 39
0.031970 39
0.028865 39
0.030606 39
0.030737 39
0.028742 39
0.030027 39
0.029768 39
0.031578 39
0.031082 39
0.027610 39
0.031482 39
0.028684 39
0.033901 39
0.028022 39
0.028969 39
0.030261 39
0.030606 39
0.029654 39
0.034568 39
0.027925 39
0.027663 39
0.030299 39
0.031926 39
0.029895 39
0.030722 39
0.031696 39
0.030772 39
0.028640 39
0.027723 39
0.031051 39
0.028554 39
0.030560 39
0.030369 39
0.031762 39
0.028545 39
0.029237 39
0.030028 39
0.029903 39
0.030731 39
0.034047 39
0.034277 39
0.021949 39
0.030089 39
0.030183 39
0.030838 39
0.036355 39
0.151203 39
0.140256 39
0.127415 39
0.113939 39
0.114145 39
0.424213 39
0.348329 329
0.000160 8
0.016369 64
0.232467 79
0.000099 27
0.000024 37
0.232557 63
0.009608 9
0.003188 213
0.004595 293
13.482445 145
0.454340 137
0.854050 274
0.000171 8
0.056012 64
0.005955 47
0.000152 48
0.046206 63
0.012799 5
0.000025 4
0.002404 213
0.002575 293
0.459530 91
0.135509 152
0.867059 329
0.000146 8
0.017360 64
0.270851 61
0.000095 26
0.360786 44
0.360927 44
0.451010 43
0.361090 44
0.450937 43
0.360848 44
0.360927 44
0.451005 44
0.451039 43
0.360897 45
0.360881 45
0.451074 44
0.360833 45
0.360966 43
0.360876 45
0.451103 45
0.451107 45
0.280721 45
0.451063 44
0.280750 45
0.451064 45
0.451156 45
0.361061 45
0.451091 45
0.451051 45
0.360902 45
0.360909 45
0.360978 45
0.451134 44
0.360858 45
0.360895 43
0.451095 45
0.360940 45
0.360976 45
0.451152 45
0.451036 45
0.363512 45
0.552890 45
0.451208 44
0.451042 45
0.451041 43
0.361006 45
0.451019 45
0.451012 45
0.280694 44
0.451058 45
0.450998 44
0.360916 44
0.451016 44
0.450999 45
0.360886 45
0.451066 45
0.364235 45
0.451010 45
0.451023 45
0.360911 44
0.450978 44
0.451143 45
0.360858 44
0.451105 45
0.360906 43
0.451052 44
0.361056 44
0.451002 45
0.451112 45
0.360943 45
0.360839 45
0.451035 45
0.451071 45
0.360922 44
0.451023 45
0.451068 45
0.360917 45
0.451056 45
0.360885 45
0.451028 45
0.360878 45
0.451050 45
0.455341 45
0.451118 44
0.451013 45
0.360912 44
0.451192 45
0.451794 45
0.451018 45
0.360934 45
0.451051 45
0.451034 45
0.360933 45
0.450996 45
0.451032 44
0.360871 45
0.360874 44
0.451055 44
0.451126 45
0.360827 45
0.451081 45
0.451028 43
0.280732 45
0.451034 46
0.450967 46
0.360890 46
0.451081 46
0.451053 46
0.360917 46
0.451221 46
0.451031 45
0.360886 46
0.451029 46
0.451396 45
0.360663 46
0.451053 45
0.451008 46
0.360891 46
0.360920 46
0.451127 46
0.451075 46
0.361000 46
0.451013 45
0.360881 46
0.451087 46
0.451129 46
0.360970 46
0.451088 46
0.451040 45
0.360846 45
0.451141 46
0.450982 46
0.451037 46
0.360923 46
0.451118 46
0.451007 46
0.360945 46
0.451076 46
0.451023 46
0.360896 46
0.451042 46
0.451088 45
0.360966 46
0.450966 45
0.451096 46
0.360933 46
0.360921 46
0.451160 45
0.450896 46
0.360823 45
0.451132 46
0.450992 46
0.451091 46
0.663239 46
0.783764 46
0.450325 44
0.451373 46
0.451022 46
0.451050 46
0.450956 45
0.361191 46
0.451326 46
0.450989 46
0.451305 46
0.451017 46
0.551921 46
0.360860 46
0.361018 46
0.451034 46
0.451045 46
0.451010 46
0.451037 46
0.551241 46
0.661597 46
0.661564 46
0.781882 45
0.280778 45
0.551290 45
0.666947 45
0.551329 46
0.451228 45
0.451106 45
0.451071 45
0.451194 46
0.451047 46
0.360935 45
0.451035 45
0.451054 45
0.451118 46
0.360923 45
0.451197 46
0.451051 46
0.451136 45
0.453661 46
0.551400 46
0.360970 46
0.451082 46
0.451033 44
0.451131 46
0.451040 45
0.451387 46
0.360967 46
0.451050 45
0.451064 46
0.451107 46
0.451079 46
0.451081 46
0.451316 46
0.451164 46
0.451045 46
0.451296 46
0.451087 46
0.451132 45
0.662868 46
0.665688 46
0.361422 45
0.450950 46
0.552560 45
0.363210 46
0.661480 44
0.661571 46
0.551312 46
0.451164 44
0.452393 46
0.361079 45
0.451088 46
0.451103 46
0.451041 46
0.360833 46
0.451054 45
0.451104 46
0.551447 46
0.450913 46
0.360907 46
0.451069 45
0.450973 45
0.360931 45
0.451430 46
0.451020 46
0.451068 46
0.451013 45
0.361068 45
0.451249 46
0.450891 46
0.451021 45
0.360856 46
0.451179 46
0.451060 45
0.451054 45
0.451082 46
0.451144 46
0.552193 45
0.551844 46
0.453536 46
0.451396 46
0.360950 46
0.454079 46
0.551299 46
0.451103 45
0.360924 44
0.451597 46
0.551241 46
0.552882 46
0.451094 45
0.451110 46
0.551338 45
0.451062 46
0.451374 46
0.451124 45
0.451039 46
0.662045 45
0.551247 46
0.451225 46
0.452128 46
0.451221 45
0.451107 46
0.551394 46
0.451137 46
0.451031 46
0.361010 46
0.451053 46
0.451056 46
0.451369 46
0.551391 46
0.280748 44
0.451071 46
0.451069 46
0.551251 46
0.360993 46
0.451019 45
0.451118 45
0.360953 45
0.451187 46
0.451075 46
0.360835 46
0.451121 46
0.451027 46
0.360856 46
0.451045 46
0.360972 46
0.451003 46
0.451075 45
0.451302 46
0.666683 45
0.452657 46
0.451101 46
0.451107 46
0.451180 46
0.451038 45
0.451044 46
0.360932 45
0.451150 45
0.451154 46
0.451160 46
0.551363 46
0.784494 46
0.783721 45
0.451454 46
0.452655 45
0.451200 46
0.451061 45
0.451135 45
0.451047 45
0.452630 44
0.450962 45
0.451016 46
0.551568 45
0.451796 46
0.451054 46
0.360900 46
0.451058 46
0.451096 46
0.453998 45
0.451044 46
0.451065 46
0.451100 46
0.360924 45
0.451148 46
0.451094 46
0.450963 46
0.360947 45
0.451194 46
0.451146 46
0.451102 46
0.451027 46
0.451069 46
0.451035 46
0.360961 46
0.451082 45
0.451014 46
0.451074 46
0.450996 46
0.361095 46
0.451022 46
0.451023 45
0.360975 45
0.451093 46
0.451034 46
0.451069 45
0.451004 46
0.451068 45
0.451200 46
0.451058 45
0.451071 46
0.360966 45
0.451033 46
0.451237 46
0.553306 45
0.361299 46
0.450797 46
0.451208 46
0.451296 45
0.451291 46
0.451124 46
0.450981 46
0.361551 46
0.451138 44
0.451084 45
0.452336 46
0.360897 46
0.551297 46
0.552747 45
0.360926 46
0.661899 46
0.664966 46
0.785145 46
0.360968 46
0.451091 46
0.554402 46
0.451146 46
0.451126 46
0.662063 45
0.551328 45
0.553196 44
0.360932 45
0.451084 46
0.451068 45
0.451228 45
0.451045 46
0.451031 46
0.552173 46
0.360940 46
0.360962 46
0.451101 46
0.451161 46
0.451085 46
0.551215 46
0.451189 45
0.360969 46
0.451053 44
0.451119 46
0.360994 46
0.451056 46
0.451089 46
0.451583 46
0.551321 46
0.361006 45
0.451114 46
0.552434 46
0.451012 46
0.451122 46
0.451041 45
0.452049 46
0.451117 46
0.360890 44
0.551283 46
0.362328 46
0.451202 46
0.360993 46
0.451075 46
0.551569 46
0.360937 46
0.451038 46
0.551327 46
0.553125 46
0.551250 46
0.451118 43
0.452829 46
0.551270 46
0.451615 45
0.551314 46
0.451148 45
0.551282 46
0.551666 45
0.456243 45
0.360987 46
0.451090 46
0.451037 46
0.451442 46
0.455124 45
0.360928 46
0.451099 45
0.451017 45
0.360880 46
0.451251 46
0.451221 45
0.361088 45
0.451203 45
0.451411 45
0.451246 46
0.551426 46
0.451056 44
0.360900 46
0.360984 46
0.553430 46
0.551390 44
0.360932 46
0.451057 45
0.451764 46
0.360955 45
0.551310 45
0.360941 46
0.451201 45
0.551420 46
0.451761 46
0.552263 46
0.451090 45
0.360905 45
0.551234 46
0.451649 46
0.360723 46
0.551267 46
0.360881 46
0.451092 45
0.451030 46
0.451021 46
0.452829 46
0.451196 46
0.551996 45
0.451366 45
0.451041 46
0.360946 46
0.451092 46
0.451114 45
0.451083 46
0.451118 46
0.451067 46
0.451337 45
0.450901 46
0.451593 46
0.551297 46
0.361070 45
0.551422 46
0.361115 30
0.551311 46
0.360920 47
0.551283 47
0.451436 47
0.360920 46
0.451143 46
0.451062 47
0.551283 46
0.361111 45
0.451040 45
0.451137 46
0.361455 47
0.451024 45
0.454796 46
0.360889 47
0.451099 47
0.451101 46
0.451087 46
0.360935 47
0.451087 46
0.451056 46
0.451069 46
0.360859 47
0.451139 46
0.451049 46
0.451043 47
0.451179 46
0.451054 47
0.451182 46
0.360934 47
0.451270 47
0.451052 46
0.360805 47
0.551234 47
0.451137 46
0.360908 36
0.451083 47
0.450977 46
0.360903 47
0.451106 46
0.451193 47
0.450860 46
0.451091 47
0.451779 47
0.451299 44
0.451226 47
0.451072 46
0.361257 47
0.451082 46
0.452717 45
0.451026 45
0.451151 45
0.451091 47
0.451488 45
0.451014 46
0.451855 46
0.451161 44
0.451113 46
0.451159 46
0.451072 47
0.451113 45
0.451008 47
0.363543 47
0.551379 46
0.360932 47
0.451188 47
0.451184 44
0.451158 46
0.451144 46
0.451035 45
0.451137 45
0.451086 46
0.451029 46
0.450974 46
0.451260 47
0.451080 45
0.551206 46
0.360958 46
0.451030 47
0.451084 46
0.360908 46
0.451081 46
0.551223 46
0.360914 47
0.451104 46
0.451034 46
0.451112 47
0.667006 45
0.451076 46
0.452506 47
0.451102 46
0.451040 47
0.451107 47
0.360896 46
0.451055 47
0.451045 46
0.360921 47
0.360896 46
0.451127 46
0.451137 47
0.451632 47
0.451879 46
0.360798 45
0.451097 46
0.360888 47
0.451147 46
0.451046 46
0.360972 46
0.451092 47
0.451037 46
0.451207 46
0.451102 47
0.451070 47
0.451246 46
0.551317 46
0.360875 46
0.361087 47
0.451253 46
0.451051 45
0.552605 46
0.453971 47
0.450995 47
0.360895 46
0.451213 46
0.451665 45
0.361011 45
0.451315 45
0.451037 46
0.451193 45
0.451305 46
0.451031 46
0.551364 45
0.451224 46
0.451134 46
0.451088 46
0.451139 45
0.451098 47
0.452575 46
0.451106 44
0.451078 46
0.360961 47
0.451080 45
0.451087 47
0.360892 47
0.451200 46
0.454599 45
0.451034 45
0.360917 45
0.451093 46
0.781758 46
0.553287 47
0.453453 47
0.552041 46
0.451101 45
0.451071 46
0.452415 46
0.450980 46
0.360899 46
0.360868 45
0.551307 46
0.360825 46
0.450951 45
0.360845 45
0.451609 46
0.451403 44
0.451042 46
0.451043 46
0.360846 45
0.451081 46
0.451589 47
0.451054 46
0.451075 47
0.451630 47
0.451504 45
0.451045 47
0.551196 45
0.360900 46
0.451075 47
0.451130 46
0.451104 45
0.451018 46
0.451068 44
0.452235 47
0.360947 46
0.451037 46
0.451048 46
0.451176 45
0.451013 46
0.360894 45
0.451035 47
0.552036 45
0.452031 45
0.450995 47
0.361019 46
0.451007 45
0.451145 47
0.451298 47
0.451053 46
0.451102 46
0.451078 47
0.451073 45
0.451089 44
0.451074 47
0.451217 44
0.451665 46
0.451243 45
0.451078 46
0.360937 47
0.451422 47
0.451058 46
0.451054 47
0.451052 47
0.552875 45
0.451076 45
0.360868 46
0.451172 47
0.451107 46
0.361033 46
0.451413 46
0.451241 45
0.451060 46
0.450968 47
0.551991 46
0.551608 47
0.360900 46
0.360868 47
0.450996 44
0.451015 46
0.551240 46
0.451531 47
0.451006 47
0.552440 46
0.454542 46
0.912166 47
0.663814 45
0.451236 47
0.663879 46
0.553222 47
0.552462 47
0.451154 47
0.451283 46
0.661803 44
0.451131 46
0.451028 46
0.551229 46
0.551359 46
0.552345 46
0.451153 47
0.551245 47
0.451253 47
0.552885 46
0.451030 47
0.451054 46
0.451118 47
0.451043 46
0.360885 47
0.451237 46
0.451040 46
0.451123 46
0.552434 46
0.552139 45
0.451122 46
0.451104 47
0.451128 47
0.551427 46
0.551342 46
0.360967 47
0.451128 47
0.661535 45
0.551593 46
0.451418 46
0.360921 47
0.451075 45
0.451228 46
0.551528 46
0.450839 47
0.552055 45
0.451108 46
0.361138 47
0.450838 46
0.451009 46
0.451313 47
0.360840 47
0.451048 46
0.451055 46
0.360895 47
0.451335 46
0.451057 46
0.360821 47
0.451018 46
0.451089 45
0.360873 47
0.360872 45
0.451038 47
0.450975 47
0.360914 46
0.451111 45
0.450939 47
0.360862 46
0.451016 46
0.362003 46
0.449959 46
0.360822 46
0.451084 47
0.450997 46
0.360924 46
0.451023 47
0.451071 44
0.360826 46
0.451098 47
0.451027 46
0.451228 47
0.551184 47
0.451012 47
0.361026 46
0.360858 47
0.451051 47
0.451077 47
0.451046 46
0.360885 47
0.450997 46
0.451250 47
0.360963 46
0.451054 45
0.451335 46
0.360897 47
0.451239 47
0.551682 46
0.552739 45
0.551301 46
0.451105 47
0.551288 46
0.451397 46
0.451837 45
0.551310 46
0.551389 46
0.451150 45
0.451047 47
0.451087 46
0.450975 47
0.360886 46
0.451186 46
0.451543 47
0.451094 46
0.360900 47
0.451209 46
0.451002 47
0.661759 46
0.661617 46
0.281060 47
0.450934 44
0.454298 45
0.451032 46
0.451011 47
0.450988 46
0.360863 46
0.451214 45
0.551266 47
0.663728 45
0.360944 45
0.451004 46
0.451088 47
0.451186 46
0.451114 46
0.451045 44
0.551266 47
0.451293 45
0.451007 45
0.451072 45
0.451218 47
0.451104 46
0.551170 47
0.451191 47
0.451055 47
0.360888 44
0.451103 47
0.451177 47
0.451049 47
0.452233 46
0.451056 46
0.787269 46
0.662810 46
0.781608 46
0.551256 47
0.451097 47
0.451015 46
0.451239 43
0.451129 46
0.451173 46
0.362882 47
0.551279 45
0.360986 46
0.450990 47
0.451045 47
0.452876 44
0.451117 46
0.451122 47
0.551868 46
0.455343 47
0.360872 47
0.451159 47
0.451137 46
0.451063 45
0.360999 47
0.451079 46
0.451251 47
0.451075 47
0.360994 46
0.452400 45
0.453582 46
0.451067 46
0.451088 46
0.451460 46
0.451209 46
0.451111 46
0.360905 47
0.451126 45
0.551230 46
0.450994 46
0.451086 47
0.451056 46
0.360899 46
0.451100 47
0.451120 46
0.360900 46
0.451209 45
0.451026 46
0.451133 45
0.451249 46
0.451168 47
0.451283 47
0.451009 46
0.452286 47
0.451077 45
0.360986 47
0.451011 47
0.453441 46
0.451440 46
0.451927 47
0.450500 44
0.360875 47
0.451053 45
0.451029 44
0.451084 45
0.360877 47
0.451031 46
0.451024 47
0.551285 46
0.451029 47
0.361178 47
0.450867 45
0.451096 47
0.451008 45
0.451139 46
0.451060 45
0.451089 46
0.451408 47
0.360495 47
0.551378 46
0.451048 45
0.451042 47
0.451062 47
0.451851 47
0.361255 46
0.450975 46
0.451089 44
0.451174 47
0.451110 46
0.551341 46
0.361106 46
0.451008 45
0.451002 45
0.451092 47
0.361108 46
0.450979 45
0.451383 45
0.360836 46
0.451185 46
0.451042 46
0.451003 47
0.360854 46
0.451044 43
0.451084 44
0.360880 45
0.450996 46
0.451218 45
0.661578 47
0.783397 46
0.910180 47
0.360898 46
0.360950 46
0.451000 47
0.360834 47
0.451046 47
0.451031 47
0.360879 47
0.451073 47
0.451105 45
0.360936 47
0.451051 48
0.552431 47
0.661302 48
0.551921 47
0.785672 46
0.448514 47
0.450967 47
0.360908 48
0.451306 47
0.451146 43
0.360928 47
0.451023 47
0.450967 47
0.452188 48
0.451053 47
0.450999 47
0.361006 47
0.451046 48
0.551313 47
0.360937 48
0.451023 46
0.360972 46
0.451057 46
0.661411 48
0.555239 47
0.551708 47
0.551619 47
0.553311 47
0.662364 47
0.451147 46
0.451199 48
0.360966 46
0.452231 47
0.451103 47
0.451139 47
0.451464 47
0.360896 47
0.451407 48
0.452662 47
0.451080 47
0.451036 48
0.450982 48
0.360888 47
0.452098 48
0.451091 48
0.360918 48
0.451146 47
0.551255 48
0.452137 48
0.360893 48
0.451032 48
0.451042 47
0.451131 46
0.360904 47
0.451036 47
0.451064 47
0.361007 48
0.451070 48
0.451256 48
0.360979 47
0.451034 48
0.450957 48
0.360928 46
0.451068 48
0.450969 47
0.451126 48
0.451046 48
0.360859 48
0.451087 47
0.451051 47
0.451021 47
0.360904 48
0.451734 47
0.452621 47
0.451091 48
0.360908 48
0.451118 46
0.451121 46
0.451299 47
0.450998 47
0.451027 47
0.360956 48
0.452955 46
0.451099 47
0.451088 48
0.451036 48
0.451048 48
0.451391 48
0.451226 45
0.551295 47
0.360950 47
0.451076 48
0.451105 48
0.451522 48
0.451056 47
0.451065 47
0.360888 47
0.451081 48
0.451736 47
0.451301 47
0.451106 48
0.451098 46
0.451144 48
0.361015 47
0.451046 47
0.451073 48
0.451077 47
0.360896 47
0.551411 48
0.451528 47
0.360897 46
0.451055 47
0.451029 48
0.360966 48
0.451093 48
0.451087 48
0.360916 46
0.451078 47
0.451177 48
0.361038 48
0.551180 48
0.451004 48
0.451366 48
0.450943 47
0.451172 47
0.451041 46
0.451153 47
0.451130 48
0.451181 48
0.451119 46
0.451091 48
0.454418 47
0.451450 47
0.451042 48
0.451013 47
0.361046 47
0.451036 48
0.451123 47
0.360941 46
0.451268 48
0.451036 48
0.451304 48
0.360889 46
0.451041 48
0.450914 46
0.360922 48
0.451067 48
0.451292 47
0.451140 47
0.451070 47
0.451861 48
0.360945 47
0.451057 47
0.450994 47
0.360942 48
0.451050 47
0.451091 47
0.451178 48
0.360882 47
0.451095 48
0.451071 47
0.785843 48
0.781678 45
0.551265 47
0.451420 48
0.451239 47
0.451112 48
0.451216 47
0.451574 47
0.451079 47
0.551536 46
0.360913 48
0.360874 48
0.551278 48
0.360856 48
0.451121 47
0.450973 48
0.454267 48
0.450993 47
0.451067 46
0.451078 47
0.360833 47
0.451101 47
0.451024 46
0.451102 47
0.360888 47
0.451519 47
0.450943 48
0.551198 48
0.360894 48
0.452491 47
0.449717 47
0.360864 46
0.451704 48
0.451132 48
0.451055 46
0.360891 47
0.451038 48
0.451043 47
0.454797 47
0.451053 48
0.451080 46
0.451004 46
0.361579 47
0.451038 47
0.451211 47
0.451101 48
0.455439 48
0.360925 48
0.451120 47
0.451168 46
0.451138 47
0.360950 45
0.451104 47
0.450903 47
0.361262 47
0.451060 48
0.451024 47
0.360866 45
0.360898 48
0.451016 46
0.451149 47
0.451132 47
0.360919 47
0.451091 47
0.451507 47
0.451777 47
0.451108 48
0.451194 48
0.360859 47
0.451287 48
0.451120 47
0.451069 47
0.451034 47
0.360976 48
0.451222 46
0.451038 48
0.552258 48
0.361207 48
0.451048 48
0.451096 47
0.360965 47
0.451039 48
0.451097 46
0.451112 48
0.451052 47
0.451064 47
0.551336 47
0.454219 47
0.360933 48
0.451010 47
0.451271 46
0.361250 47
0.451103 47
0.451062 46
0.360935 47
0.451083 48
0.551260 48
0.451118 46
0.360886 46
0.451079 47
0.451000 48
0.451099 47
0.451034 48
0.360882 46
0.451051 47
0.451078 48
0.451107 47
0.451091 47
0.451279 48
0.451082 48
0.451036 47
0.451144 47
0.451473 48
0.451035 47
0.360967 47
0.451038 48
0.451101 47
0.454398 47
0.451047 47
0.360942 47
0.451083 47
0.451067 48
0.451175 46
0.360947 48
0.551269 47
0.360865 46
0.451042 48
0.360900 48
0.451000 48
0.451035 48
0.451105 46
0.451224 48
0.551239 46
0.551341 47
0.360850 47
0.360991 47
0.451129 47
0.451255 48
0.360994 47
0.450950 46
0.451048 47
0.360911 47
0.360873 47
0.451142 48
0.451553 47
0.450641 48
0.361015 47
0.451152 45
0.454411 48
0.451060 48
0.451006 47
0.360874 48
0.451131 47
0.451565 47
0.360911 46
0.451079 48
0.451047 47
0.361109 47
0.551197 48
0.360877 48
0.451130 47
0.451037 47
0.450990 46
0.361279 47
0.451035 46
0.451099 44
0.280737 46
0.451038 47
0.553495 47
0.450923 48
0.451241 47
0.451090 46
0.451165 47
0.451531 47
0.551792 48
0.361057 48
0.360942 46
0.451147 48
0.451083 46
0.451946 48
0.551269 48
0.451208 46
0.360843 48
0.551271 47
0.451923 45
0.451363 48
0.451230 47
0.451081 46
0.451096 47
0.451120 48
0.451129 48
0.451237 47
0.451075 47
0.451163 48
0.451067 47
0.451076 47
0.360956 47
0.451027 47
0.451138 48
0.451535 47
0.451052 48
0.361016 47
0.451129 46
0.451138 48
0.551652 47
0.451093 48
0.454922 47
0.360895 48
0.551315 48
0.451083 46
0.451322 48
0.451055 47
0.450974 46
0.451309 48
0.361272 46
0.451076 47
0.451095 47
0.451073 47
0.453097 47
0.451030 46
0.360967 47
0.451027 48
0.451084 46
0.451105 47
0.551347 47
0.451013 47
0.360917 47
0.360800 47
0.451392 47
0.451002 47
0.450989 47
0.360912 48
0.360922 48
0.451018 47
0.451031 48
0.360839 47
0.551986 48
0.551400 47
0.551255 47
0.661426 48
0.553875 47
0.551929 48
0.360852 47
0.452365 48
0.451079 47
0.782096 48
0.662692 48
0.451128 48
0.552219 47
0.551327 47
0.451120 46
0.551704 47
0.360976 47
0.451294 48
0.451060 48
0.554253 47
0.451045 48
0.451032 48
0.360857 47
0.451167 48
0.451176 47
0.451144 48
0.361094 47
0.451081 48
0.451016 48
0.360856 48
0.451001 47
0.360846 48
0.451045 47
0.451582 48
0.551233 48
0.451604 48
0.451460 48
0.451377 48
0.451046 48
0.451200 47
0.454209 48
0.451262 48
0.451127 47
0.360902 48
0.451007 47
0.451038 46
0.451074 48
0.280904 47
0.552772 46
0.451087 48
0.360834 47
0.451128 48
0.451042 48
0.360907 48
0.451014 47
0.451408 48
0.450964 48
0.450993 47
0.360923 48
0.451064 48
0.451239 48
0.360953 48
0.451046 48
0.360883 48
0.451056 47
0.451189 48
0.360983 48
0.451182 47
0.451033 48
0.360928 48
0.451056 47
0.451067 48
0.360952 47
0.360856 46
0.451037 48
0.451356 48
0.360863 48
0.661901 48
0.551230 48
0.360980 47
0.451038 48
0.451125 47
0.360819 48
0.451019 48
0.451020 47
0.360908 48
0.451023 48
0.450983 47
0.361557 48
0.450983 47
0.360878 48
0.551235 46
0.360980 47
0.450922 47
0.451038 47
0.451354 48
0.551379 48
0.361319 48
0.360695 48
0.451044 46
0.451248 47
0.360906 48
0.451071 48
0.451066 48
0.551354 48
0.551464 47
0.452161 48
0.450252 48
0.781669 48
0.556676 45
0.664393 47
0.553081 47
0.788839 46
0.451152 47
0.552232 47
0.551786 46
0.661972 47
0.552244 47
0.552071 48
0.452481 48
0.551309 48
0.451069 46
0.781833 48
0.551491 48
0.551389 47
0.551839 48
0.452812 48
0.452549 47
0.451108 47
0.451148 48
0.451063 48
0.451027 47
0.360867 48
0.451106 47
0.450999 48
0.451044 48
0.366296 48
0.451088 48
0.451142 47
0.360958 47
0.451039 48
0.450994 45
0.360867 48
0.451222 47
0.551359 46
0.453130 47
0.451052 48
0.451030 47
0.363115 46
0.549225 46
0.451006 47
0.451492 48
0.451331 48
0.451095 48
0.361199 48
0.451171 45
0.000068 2
0.451031 47
0.451240 48
0.451129 46
0.551277 47
0.360854 48
0.551427 46
0.451135 48
0.451146 48
0.361479 48
0.451043 48
0.451064 47
0.451095 47
0.360930 48
0.450993 47
0.450984 48
0.451065 47
0.451087 48
0.551261 48
0.552615 48
0.661754 47
0.360906 48
0.451052 48
0.451087 47
0.451023 48
0.451050 47
0.551182 48
0.451741 47
0.551261 47
0.451899 48
0.360234 48
0.451298 48
0.451537 48
0.450867 48
0.360888 48
0.451373 47
0.450967 47
0.360913 47
0.451032 47
0.451033 47
0.451531 47
0.551152 48
0.452851 47
0.451091 47
0.451056 47
0.451360 48
0.550954 48
0.360830 48
0.450971 48
0.360945 47
0.451062 47
0.450983 48
0.451083 45
0.451038 47
0.360964 47
0.552408 48
0.360855 48
0.451060 47
0.451141 47
0.360915 48
0.451184 48
0.451072 48
0.451063 48
0.360902 48
0.451078 47
0.451050 47
0.451297 47
0.451068 48
0.451159 47
0.451049 47
0.451098 47
0.551291 46
0.360907 48
0.451186 48
0.451047 48
0.452725 47
0.551257 47
0.361131 48
0.451423 47
0.451134 48
0.451111 47
0.451111 48
0.451136 47
0.450991 48
0.453064 47
0.451087 48
0.451118 47
0.360913 46
0.452780 48
0.451142 48
0.551273 48
0.451225 47
0.361909 48
0.450396 48
0.451043 48
0.451025 48
0.451084 48
0.451022 48
0.451062 48
0.360898 48
0.451099 48
0.451054 48
0.360919 48
0.451031 48
0.451178 46
0.360908 48
0.451060 48
0.450991 47
0.360895 48
0.451052 47
0.451071 48
0.361833 48
0.450281 48
0.450994 47
0.451008 46
0.360871 48
0.451130 48
0.451075 48
0.451116 48
0.451202 47
0.364202 48
0.450971 47
0.451015 48
0.551286 47
0.451194 47
0.451102 48
0.451028 47
0.451034 47
0.451171 48
0.360830 47
0.451129 48
0.450957 48
0.451271 47
0.360834 48
0.450985 46
0.451000 48
0.280756 47
0.450996 48
0.451056 48
0.360869 48
0.450974 48
0.360869 48
0.451053 45
0.360900 47
0.455297 48
0.451135 47
0.451004 47
0.360928 48
0.360919 46
0.551256 47
0.360882 48
0.450980 46
0.360889 46
0.451067 47
0.451235 48
0.451061 48
0.451067 48
0.451206 47
0.551985 47
0.786913 48
0.451375 46
0.451108 47
0.579439 48
0.363634 48
0.551284 48
0.551409 48
0.451220 48
0.451069 48
0.451192 48
0.451210 48
0.451133 48
0.451026 47
0.451120 46
0.451115 47
0.451140 48
0.551258 48
0.451105 48
0.551290 47
0.551451 48
0.360904 46
0.451116 48
0.451009 48
0.451280 48
0.451101 48
0.360837 48
0.451044 48
0.451085 45
0.451076 47
0.451095 48
0.451023 47
0.360926 47
0.450967 48
0.551303 48
0.360881 48
0.451130 48
0.451185 48
0.360936 48
0.451176 48
0.451345 46
0.360974 48
0.451034 47
0.451335 48
0.450919 47
0.451125 48
0.451116 47
0.360918 46
0.451124 48
0.451152 48
0.451138 48
0.451066 48
0.362078 48
0.551434 48
0.665344 48
0.451057 47
0.451064 48
0.551586 46
0.451194 48
0.451207 47
0.451314 47
0.451173 47
0.451260 48
0.451132 46
0.451008 48
0.551255 48
0.360955 47
0.661479 48
1.058997 48
0.451067 47
0.451028 47
0.360948 48
0.663694 47
0.360874 47
0.451081 48
0.451104 48
0.363581 48
0.451668 48
0.451040 47
0.451072 48
0.360838 47
0.551287 48
0.361254 47
0.451060 48
0.451055 48
0.451153 46
0.451063 48
0.553547 45
0.360979 48
0.451101 47
0.452879 47
0.452126 47
0.551131 47
0.360722 47
0.360950 47
0.451082 46
0.451117 48
0.453027 48
0.451039 48
0.451953 47
0.450162 46
0.451065 47
0.450983 47
0.360831 47
0.451050 47
0.360993 47
0.450964 48
0.363151 47
0.451117 47
0.451094 47
0.451076 48
0.451438 48
0.453606 47
0.451050 47
0.360823 48
0.450980 47
0.451141 48
0.451067 48
0.451074 48
0.452479 48
0.449728 47
0.360974 47
0.551291 47
0.450977 46
0.361103 48
0.450965 48
0.451034 48
0.361020 48
0.452285 47
0.451201 48
0.360883 47
0.360853 48
0.451206 48
0.361244 48
0.360971 48
0.360871 48
0.360973 47
0.361023 48
0.451039 48
0.360911 47
0.360956 48
0.361017 48
0.360991 48
0.360929 48
0.451124 47
0.280859 47
0.452500 48
0.451106 47
0.280961 48
0.451004 47
0.360996 48
0.361061 48
0.451080 47
0.360971 47
0.360990 47
0.361024 46
0.451157 48
0.360960 48
0.360986 47
0.451178 47
0.451249 48
0.451113 48
0.451150 46
0.361039 47
0.360997 47
0.551336 48
0.280741 48
0.451094 48
0.360892 47
0.360888 48
0.362394 48
0.451140 48
0.361011 47
0.361274 47
0.361004 47
0.450922 48
0.280781 48
0.451041 48
0.280870 48
0.451056 48
0.280725 48
0.451051 48
0.280762 47
0.451130 47
0.361198 48
0.360881 47
0.360903 48
0.360965 47
0.451022 48
0.360989 48
0.360920 48
0.360915 48
0.451084 47
0.360927 47
0.361050 47
0.453805 47
0.360957 48
0.360927 48
0.451036 47
0.451035 48
0.360875 48
0.361076 48
0.451142 48
0.360928 48
0.360904 48
0.360845 48
0.360880 47
0.360968 47
0.451121 47
0.280786 47
0.451245 47
0.280815 48
0.361102 46
0.360996 48
0.451295 47
0.360942 48
0.360912 47
0.360898 48
0.451085 48
0.360882 48
0.361556 48
0.450993 47
0.360896 47
0.360947 47
0.451104 47
0.360983 47
0.360987 47
0.451077 46
0.360880 47
0.361001 48
0.360919 48
0.451131 46
0.451408 48
0.551530 48
0.360899 47
0.360946 48
0.360845 45
0.451052 48
0.280737 47
0.451185 48
0.450992 48
0.280743 48
0.450929 47
0.280735 48
0.451067 48
0.280750 48
0.451068 48
0.280780 48
0.451157 48
0.360876 48
0.360903 48
0.360913 48
0.360973 47
0.361106 48
0.361042 47
0.451059 48
0.451053 47
0.451071 47
0.361079 48
0.551389 46
0.360985 45
0.360855 48
0.361018 46
0.557551 48
0.451911 48
0.451169 48
0.451149 47
0.451066 48
0.360888 48
0.451176 48
0.451059 48
0.280781 48
0.451063 48
0.361227 48
0.360982 47
0.451101 48
0.280751 48
0.451132 47
0.451100 47
0.280870 48
0.451128 47
0.361051 48
0.361149 47
0.451147 46
0.360940 48
0.450998 48
0.360953 45
0.360966 48
0.360962 48
0.451049 48
0.280787 48
0.451641 48
0.360938 45
0.361131 48
0.360768 47
0.360907 48
0.451087 47
0.360965 48
0.451057 47
0.280967 47
0.451056 48
0.360942 47
0.360878 48
0.360948 48
0.451122 46
0.280715 48
0.361952 48
0.361066 48
0.451107 46
0.360945 47
0.360901 47
0.451042 48
0.280736 48
0.451141 47
0.360950 48
0.360986 47
0.360930 48
0.451052 47
0.360855 47
0.360898 47
0.451364 48
0.360904 48
0.360935 48
0.361045 48
0.451016 47
0.360915 48
0.360972 47
0.361017 47
0.451092 48
0.360933 48
0.360968 46
0.361004 48
0.360909 47
0.360872 48
0.451051 48
0.360892 48
0.360970 48
0.451106 47
0.360937 47
0.360925 48
0.360873 48
0.360931 48
0.360921 48
0.360957 46
0.451159 47
0.360995 46
0.361138 48
0.360942 47
0.361065 48
0.361040 48
0.451108 47
0.360927 48
0.360915 47
0.360856 48
0.361381 48
0.360917 48
0.451036 47
0.280792 48
0.451001 48
0.280717 48
0.451047 48
0.360946 48
0.360960 48
0.360984 48
0.361019 48
0.451416 48
0.451322 48
0.451304 47
0.280814 48
0.551313 46
0.551267 48
0.361055 47
0.451180 48
0.361035 48
0.451264 48
0.451172 48
0.361444 48
0.451343 47
0.280812 47
0.451198 47
0.360893 48
0.360948 47
0.451288 48
0.280702 48
0.451102 47
0.280772 48
0.451043 48
0.360910 45
0.360909 48
0.360892 47
0.451221 48
0.280848 48
0.360976 48
0.360931 48
0.361412 48
0.360984 47
0.451091 48
0.280807 47
0.451159 48
0.360862 47
0.360977 48
0.451142 48
0.280747 48
0.451189 47
0.451140 47
0.451095 46
0.360927 48
0.361024 48
0.360967 48
0.360998 48
0.451106 48
0.280901 46
0.451100 47
0.280720 48
0.451105 48
0.280773 48
0.360901 48
0.361001 48
0.360946 48
0.360958 47
0.360934 48
0.361001 47
0.360869 47
0.451132 46
0.280834 48
0.451145 47
0.280784 46
0.451262 48
0.280758 48
0.451198 47
0.451128 48
0.360898 48
0.451191 48
0.280858 48
0.451142 47
0.360939 48
0.360958 48
0.360987 47
0.361017 47
0.360951 48
0.360936 48
0.361007 47
0.451118 48
0.280826 48
0.451146 48
0.280822 46
0.451196 47
0.360957 48
0.360991 46
0.360989 46
0.361477 48
0.360955 48
0.451129 48
0.280761 48
0.451153 48
0.280862 48
0.451045 48
0.360924 47
0.360952 48
0.360990 48
0.451134 46
0.280883 48
0.451176 47
0.360883 48
0.361226 48
0.360994 48
0.360967 48
0.360924 47
0.451074 48
0.280801 46
0.451149 47
0.360940 47
0.361060 48
0.360941 47
0.360965 47
0.451156 48
0.361024 48
0.360975 47
0.361076 48
0.451150 46
0.280902 47
0.451145 48
0.280815 47
0.451114 47
0.364149 46
0.548210 47
0.280848 47
0.451127 48
0.280637 47
0.451081 47
0.361155 48
0.360976 47
0.360933 47
0.451238 48
0.360980 47
0.360987 48
0.361196 48
0.451079 46
0.280826 44
0.451207 48
0.280837 47
0.451105 48
0.360934 48
0.451131 48
0.451130 48
0.360895 48
0.451151 48
0.451106 46
0.361013 48
0.451157 46
0.000127 2
0.360861 48
0.551348 48
0.451182 45
0.360910 48
0.360980 48
0.451160 47
0.280874 48
0.451125 47
0.280759 47
0.451213 48
0.281124 47
0.451202 47
0.360964 47
0.360943 47
0.451994 46
0.280811 48
0.360932 48
0.361085 47
0.360902 46
0.451001 48
0.280683 45
0.450986 48
0.280699 47
0.360823 46
0.360918 47
0.360916 48
0.451097 48
0.451436 48
0.360942 48
0.451107 48
0.360893 48
0.361024 47
0.360949 48
0.360969 48
0.360986 48
0.360989 46
0.360908 46
0.453179 48
0.451151 47
0.361002 48
0.360867 48
0.451071 48
0.451115 47
0.280776 47
0.451100 47
0.280965 48
0.450990 48
0.360891 48
0.360979 48
0.451100 48
0.360822 48
0.360876 48
0.360893 47
0.451170 47
0.360925 48
0.361021 47
0.360993 48
0.360834 48
0.451132 48
0.452742 48
0.360929 48
0.360995 47
0.451097 47
0.280709 48
0.451134 47
0.360939 48
0.451113 48
0.360921 48
0.360910 48
0.360983 48
0.360965 48
0.360889 47
0.360940 48
0.361022 48
0.451073 48
0.361071 47
0.360911 46
0.361058 48
0.451100 48
0.360887 48
0.360878 48
0.360902 47
0.360976 48
0.360894 48
0.451232 48
0.360969 48
0.360959 47
0.360948 48
0.360947 48
0.360872 46
0.360955 48
0.364281 47
0.360919 46
0.360935 48
0.361028 47
0.451096 48
0.280869 48
0.361328 46
0.450770 47
0.451118 47
0.360890 48
0.451189 48
0.360903 47
0.360977 46
0.451119 48
0.280761 47
0.451127 45
0.280752 47
0.451086 48
0.360981 47
0.360961 47
0.361059 47
0.361138 48
0.451020 48
0.280700 47
0.451140 47
0.280795 48
0.451208 48
0.360971 48
0.360922 47
0.451118 48
0.360938 47
0.360942 48
0.360992 48
0.360906 47
0.361052 47
0.451155 47
0.360905 48
0.360928 47
0.360875 47
0.452959 48
0.361008 47
0.361079 48
0.451123 48
0.280846 47
0.451166 47
0.451084 46
0.280788 48
0.451121 47
0.280831 48
0.451225 47
0.360932 47
0.360963 48
0.360937 48
0.360927 48
0.451133 47
0.360955 48
0.360973 48
0.451070 47
0.451051 48
0.360928 47
0.360943 47
0.451227 47
0.361112 47
0.361030 48
0.451076 47
0.280796 48
0.451057 48
0.280826 48
0.361012 48
0.360935 48
0.451093 47
0.280717 48
0.451150 47
0.280782 47
0.451089 47
0.280815 48
0.451113 46
0.280762 47
0.451103 46
0.280738 47
0.451092 48
0.360939 48
0.360960 48
0.360985 47
0.451100 47
0.280829 48
0.451204 48
0.360895 48
0.360859 48
0.360944 48
0.451064 47
0.280798 47
0.451081 48
0.360935 48
0.360907 48
0.360925 48
0.360879 48
0.451177 48
0.451012 47
0.281251 47
0.451074 48
0.451159 47
0.280826 47
0.451124 47
0.360948 45
0.360882 48
0.360840 47
0.360825 47
0.360986 48
0.360915 48
0.361033 47
0.360971 47
0.360934 47
0.360922 47
0.360963 47
0.361451 45
0.360957 48
0.360903 46
0.360960 47
0.360955 48
0.360919 48
0.361002 47
0.451154 48
0.280809 48
0.451188 47
0.451193 48
0.280692 48
0.451170 48
0.361275 48
0.361043 48
0.664387 48
0.662595 47
0.451268 48
0.360851 48
0.451030 48
0.280938 48
0.451115 48
0.451245 48
0.361121 48
0.451313 48
0.451362 48
0.280819 48
0.451143 48
0.280790 48
0.451007 48
0.280806 47
0.451058 48
0.361058 47
0.361363 48
0.451096 48
0.361152 46
0.451377 48
0.361172 48
0.451089 48
0.361038 48
0.360952 47
0.361108 48
0.451210 47
0.361052 46
0.361057 48
0.360987 47
0.451077 48
0.280793 47
0.360954 47
0.360892 47
0.360887 48
0.360856 48
0.451083 48
0.280776 48
0.451085 48
0.280809 48
0.451115 48
0.280784 48
0.451095 48
0.280793 48
0.451749 48
0.360874 47
0.360972 48
0.451342 48
0.551575 47
0.551792 47
0.451343 48
0.361189 48
0.451147 47
0.451197 46
0.280794 47
0.361174 48
0.451094 48
0.280753 48
0.360973 48
0.360959 48
0.360974 48
0.360983 47
0.451084 48
0.280829 48
0.451106 47
0.280717 47
0.451048 48
0.280729 48
0.451049 48
0.281015 48
0.451094 47
0.361042 48
0.361006 48
0.360966 47
0.360981 48
0.360973 48
0.360963 48
0.360960 47
0.361125 48
0.361067 48
0.451085 47
0.360889 48
0.360961 48
0.361049 48
0.451152 47
0.280837 48
0.451156 48
0.451095 48
0.282039 48
0.451196 48
0.280820 48
0.451191 48
0.451242 48
0.280862 48
0.451095 48
0.280769 48
0.451179 48
0.360954 48
0.360954 48
0.451152 48
0.361121 48
0.360973 46
0.360970 47
0.451216 48
0.360895 48
0.361011 48
0.451117 48
0.360968 48
0.361313 48
0.451070 47
0.360858 47
0.360973 48
0.361145 47
0.360940 48
0.361019 48
0.362660 48
0.360896 48
0.451101 48
0.280863 48
0.451103 48
0.280777 48
0.451060 47
0.360995 48
0.361000 48
0.360999 48
0.360898 48
0.361036 47
0.451155 48
0.280822 48
0.451141 47
0.280791 48
0.451132 48
0.280833 48
0.451100 48
0.360941 48
0.360951 48
0.361708 48
0.360900 46
0.360914 48
0.361093 48
0.451186 47
0.451096 48
0.451132 47
0.360984 47
0.360904 48
0.360918 48
0.361028 48
0.360928 47
0.451436 48
0.360951 48
0.451449 48
0.451352 48
0.361375 48
0.551557 47
0.451363 47
0.451246 48
0.361205 47
0.360933 48
0.451141 48
0.360950 48
0.451120 48
0.360979 48
0.360925 48
0.451123 47
0.360973 48
0.360984 48
0.451305 48
0.451673 47
0.451244 47
0.361058 48
0.361153 48
0.360905 47
0.554112 48
0.360986 48
0.360954 48
0.451159 48
0.451335 48
0.280863 48
0.551420 48
0.553700 48
0.361047 48
0.551491 48
0.361131 48
0.452487 48
0.451298 48
0.452830 47
0.551513 48
0.360985 48
0.451126 47
0.552462 46
0.361041 47
0.361097 47
0.451240 48
0.451103 48
0.361001 48
0.361741 48
0.451233 48
0.361038 47
0.551317 47
0.280835 48
0.451170 48
0.451062 47
0.280765 48
0.451188 45
0.360941 48
0.360988 48
0.360938 47
0.451083 46
0.360978 48
0.360983 48
0.451138 48
0.360994 48
0.360933 48
0.361190 47
0.361032 48
0.360979 47
0.451131 48
0.360956 48
0.360961 48
0.451130 47
0.360945 47
0.361641 48
0.451140 48
0.360969 48
0.361005 48
0.361310 47
0.551374 48
0.360948 48
0.451339 48
0.360992 48
0.360989 47
0.360878 47
0.451097 48
0.360942 48
0.360985 48
0.451095 48
0.361047 48
0.451193 47
0.451208 48
0.361541 48
0.360973 47
0.451097 48
0.451207 47
0.360848 47
0.360966 47
0.451163 48
0.360934 48
0.361012 48
0.551338 48
0.451647 48
0.450923 47
0.360981 48
0.360929 46
0.361003 48
0.551339 47
0.360987 47
0.360915 48
0.361019 48
0.451088 48
0.360962 48
0.451169 47
0.361046 48
0.360919 48
0.451080 48
0.280804 48
0.451225 48
0.280793 47
0.451150 47
0.360990 48
0.360927 48
0.451090 47
0.280845 48
0.451181 48
0.280863 47
0.451232 48
0.280774 47
0.360909 47
0.360915 47
0.360927 47
0.360881 48
0.360980 48
0.361034 45
0.360985 48
0.360919 48
0.360902 48
0.361157 47
0.451111 48
0.280802 46
0.451145 48
0.280794 48
0.451178 48
0.451171 48
0.280827 48
0.451072 48
0.280799 47
0.361064 48
0.361189 48
0.451103 48
0.280866 48
0.360901 48
0.360979 46
0.360954 47
0.360939 48
0.451000 48
0.280791 48
0.280756 48
0.451160 48
0.280793 48
0.451254 31
0.360934 47
0.360981 47
0.361016 48
0.451149 47
0.360951 47
0.360962 48
0.451118 48
0.360911 48
0.360926 47
0.361018 48
0.360851 48
0.360955 48
0.360976 45
0.451094 48
0.361049 48
0.360951 47
0.451155 48
0.360874 48
0.360918 48
0.451066 48
0.362724 48
0.450483 48
0.451372 48
0.360991 48
0.360878 47
0.451086 47
0.280822 48
0.360868 48
0.360993 48
0.360847 48
0.451382 48
0.361129 48
0.451346 48
0.551559 48
0.451194 48
0.451329 48
0.361029 48
0.451224 48
0.452628 48
0.361166 48
0.451258 48
0.360912 47
0.360945 48
0.360965 48
0.451140 48
0.280828 47
0.451161 47
0.280882 48
0.451107 48
0.360968 47
0.360934 48
0.360900 48
0.451067 48
0.280759 47
0.451123 47
0.280811 48
0.451086 48
0.360931 47
0.360957 48
0.451099 48
0.280787 47
0.451104 48
0.360983 48
0.451215 48
0.280777 48
0.451081 48
0.280804 47
0.450989 48
0.360986 47
0.361094 48
0.360916 48
0.451084 48
0.280767 48
0.451130 48
0.360993 48
0.361030 47
0.360933 48
0.360926 48
0.361028 48
0.360965 47
0.451177 48
0.361042 48
0.452884 47
0.551525 48
0.451232 48
0.451250 48
0.361064 48
0.451580 47
0.451156 48
0.360944 48
0.360922 48
0.451267 48
0.451066 48
0.361275 48
0.451378 48
0.451050 48
0.451144 48
0.451101 48
0.360880 48
0.360948 48
0.451152 47
0.280795 48
0.451095 47
0.360963 46
0.360929 47
0.360922 48
0.360934 45
0.360959 46
0.451112 48
0.280822 48
0.451085 48
0.280785 48
0.451006 47
0.280771 47
0.451081 48
0.280797 48
0.361041 47
0.451107 48
0.280788 48
0.450992 47
0.280751 48
0.451027 49
0.280748 48
0.280709 48
0.451161 47
0.360980 48
0.280792 47
0.451093 48
0.280837 48
0.451064 48
0.280926 48
0.360982 48
0.361114 47
0.360864 46
0.360820 48
0.360880 48
0.360915 48
0.360968 48
0.361051 48
0.361065 47
0.360917 46
0.360901 47
0.360944 48
0.360903 49
0.360953 48
0.361103 48
0.280845 47
0.451112 48
0.280799 48
0.451222 48
0.280787 48
0.451085 48
0.280799 48
0.451020 48
0.280708 48
0.451166 48
0.361018 48
0.360972 47
0.360983 48
0.360943 48
0.360939 48
0.360965 48
0.360926 48
0.452494 48
0.280882 48
0.451156 47
0.360974 48
0.360938 48
0.361104 48
0.360912 48
0.451081 48
0.360916 49
0.280755 48
0.451136 48
0.280788 48
0.451095 48
0.361002 48
0.360967 47
0.360952 47
0.360952 48
0.360998 48
0.360888 48
0.451048 48
0.280780 47
0.451031 47
0.280788 48
0.451090 48
0.280822 48
0.451101 48
0.280819 47
0.451106 48
0.360883 48
0.360905 48
0.451382 48
0.280765 48
0.451067 48
0.280861 46
0.451104 47
0.280807 48
0.451132 48
0.280816 48
0.451069 47
0.280793 47
0.451087 47
0.280710 46
0.451080 48
0.280796 48
0.361001 47
0.451095 48
0.280811 48
0.360977 47
0.360929 48
0.360968 48
0.451144 48
0.280849 48
0.451085 48
0.280776 47
0.361047 47
0.360939 47
0.451050 48
0.280774 48
0.451066 47
0.280771 48
0.360944 48
0.360977 47
0.451126 48
0.360883 48
0.360931 48
0.360990 46
0.451058 47
0.360945 47
0.280818 48
0.360940 48
0.360939 48
0.361094 48
0.360911 48
0.361019 48
0.360948 48
0.360988 48
0.363895 48
0.361086 47
0.360946 48
0.361005 48
0.360932 48
0.361019 48
0.361022 48
0.360990 48
0.361013 48
0.360985 48
0.281103 48
0.451126 47
0.280823 47
0.451153 48
0.280877 48
0.360976 48
0.451222 48
0.360990 48
0.551324 48
0.552855 48
0.451124 48
0.361064 48
0.360967 48
0.360965 48
0.361005 47
0.360880 48
0.360953 48
0.360926 48
0.360974 48
0.451174 48
0.280786 47
0.451095 48
0.280878 48
0.451151 48
0.361077 48
0.360985 48
0.361024 48
0.361032 48
0.360984 48
0.360985 47
0.360884 48
0.360898 48
0.360890 47
0.360927 47
0.360950 48
0.360976 48
0.360918 47
0.360909 48
0.360955 48
0.360953 49
0.360862 48
0.360940 48
0.451077 48
0.360944 47
0.280857 48
0.451110 48
0.280889 47
0.360935 48
0.360937 48
0.360853 47
0.360913 48
0.451071 48
0.280826 48
0.360931 48
0.360830 46
0.360956 47
0.360991 48
0.363422 48
0.360921 48
0.451097 48
0.280826 48
0.360986 48
0.360879 48
0.360957 47
0.360864 47
0.360892 47
0.360856 48
0.360839 48
0.360878 48
0.360795 48
0.280678 48
0.360819 48
0.450988 47
0.360968 47
0.361018 47
0.451163 46
0.361037 47
0.454472 48
0.551255 48
0.361101 47
0.451430 47
0.451246 48
0.360995 48
0.360916 48
0.360928 48
0.360924 48
0.451012 46
0.280867 48
0.451138 47
0.280794 48
0.451174 48
0.451344 48
0.360920 48
0.360990 47
0.360821 48
0.360941 47
0.451156 48
0.280739 48
0.451095 47
0.280784 48
0.451131 48
0.360870 48
0.360852 47
0.551724 48
0.280745 47
0.451092 47
0.451106 47
0.280805 48
0.451142 48
0.360951 47
0.360968 47
0.360843 48
0.280787 47
0.451120 48
0.280738 48
0.451317 48
0.280812 46
0.451067 47
0.280819 47
0.451076 47
0.280867 47
0.451211 48
0.282826 47
0.451246 45
0.360977 48
0.360961 48
0.361023 48
0.360982 48
0.360932 47
0.360995 48
0.361019 48
0.360851 48
0.361040 48
0.360971 47
0.280793 48
0.451178 48
0.280819 48
0.360923 47
0.280857 48
0.451046 47
0.361006 48
0.360889 48
0.360997 47
0.360953 48
0.360928 48
0.360993 46
0.360995 48
0.360941 48
0.360877 48
0.360897 48
0.451026 48
0.280709 48
0.451128 48
0.280750 48
0.451159 48
0.280775 47
0.451034 48
0.280800 48
0.451161 48
0.280727 48
0.451131 47
0.280803 47
0.451076 48
0.280806 48
0.360985 48
0.451117 48
0.281106 48
0.451112 48
0.360946 48
0.360926 48
0.361050 48
0.360984 47
0.361035 47
0.451104 48
0.280794 47
0.360977 48
0.361040 48
0.451163 48
0.280920 48
0.360972 48
0.360949 48
0.360964 47
0.360975 47
0.360977 48
0.451024 48
0.280794 48
0.451210 48
0.280766 48
0.361016 47
0.360932 48
0.451129 47
0.280984 48
0.451058 48
0.280831 48
0.360972 48
0.361037 48
0.360940 48
0.361655 48
0.361211 48
0.361101 46
0.451075 48
0.280851 48
0.451097 47
0.280817 48
0.361077 47
0.360968 47
0.280800 47
0.451227 48
0.280834 47
0.451375 47
0.361119 48
0.361013 48
0.360973 48
0.280793 48
0.451049 48
0.280962 48
0.360919 48
0.451122 48
0.280783 48
0.451305 48
0.451248 48
0.280851 48
0.451306 48
0.361003 48
0.360909 47
0.360956 47
0.360920 48
0.360959 48
0.360961 47
0.280767 47
0.451075 48
0.280820 48
0.451090 48
0.280759 47
0.451066 47
0.280807 48
0.451114 48
0.280890 48
0.451072 48
0.451172 48
0.280813 46
0.360953 48
0.361039 48
0.451115 48
0.280915 47
0.360939 48
0.360959 48
0.360988 48
0.361066 48
0.451678 48
0.280708 48
0.451142 48
0.280801 48
0.360938 48
0.451137 48
0.280815 48
0.451090 48
0.280826 48
0.451166 48
0.280755 48
0.360942 48
0.360935 49
0.360957 48
0.280879 48
0.451076 48
0.280742 47
0.360887 48
0.360949 45
0.360952 48
0.451256 47
0.280797 48
0.451178 47
0.280784 48
0.451073 48
0.280750 48
0.360880 48
0.360862 47
0.360897 48
0.360971 48
0.360950 48
0.361138 48
0.360970 48
0.360964 48
0.361006 48
0.360966 48
0.360997 48
0.451114 48
0.280810 48
0.360993 48
0.280817 48
0.361004 48
0.451048 48
0.280965 48
0.360945 48
0.451080 48
0.280822 48
0.451096 48
0.280871 48
0.360975 47
0.360992 48
0.360914 47
0.361202 47
0.360896 47
0.361343 48
0.360990 48
0.280828 47
0.451058 48
0.280810 48
0.361062 48
0.360985 48
0.360993 47
0.360988 48
0.282605 48
0.451148 48
0.360922 48
0.360894 47
0.360959 47
0.280827 47
0.451060 48
0.281263 48
0.451123 47
0.361034 48
0.361018 48
0.451061 48
0.280723 48
0.360947 48
0.361021 48
0.360898 48
0.361094 48
0.361066 47
0.360974 47
0.360889 48
0.451103 48
0.280830 48
0.451135 47
0.360999 48
0.361032 48
0.451171 47
0.451070 48
0.360957 48
0.361014 48
0.451218 48
0.361237 47
0.360962 48
0.551476 48
0.360998 47
0.280792 48
0.451082 48
0.360944 48
0.451196 48
0.360954 48
0.360976 47
0.451117 47
0.280813 48
0.451304 48
0.360865 48
0.451094 47
0.451123 48
0.361655 48
0.360848 48
0.451072 48
0.361066 48
0.360958 48
0.451154 48
0.280842 48
0.451245 48
0.360923 48
0.451072 48
0.280831 48
0.451116 48
0.280832 48
0.451047 49
0.280803 46
0.451110 49
0.280851 48
0.360941 47
0.280828 48
0.451038 48
0.280800 49
0.360877 48
0.360942 49
0.360892 49
0.360862 48
0.280757 48
0.360932 48
0.450999 48
0.280756 47
0.360887 47
0.360901 48
0.360882 48
0.280738 47
0.451133 48
0.280837 48
0.360946 48
0.451144 48
0.280828 48
0.451261 48
0.361088 47
0.360927 48
0.361026 48
0.361010 48
0.360944 48
0.451121 48
0.280726 48
0.451076 48
0.361025 48
0.451271 48
0.360983 49
0.360997 49
0.361132 47
0.451486 47
0.280767 46
0.451352 48
0.280812 47
0.360893 48
0.451225 48
0.280774 48
0.551406 48
0.361039 48
0.361071 49
0.361035 47
0.360916 47
0.451171 48
0.360970 48
0.360973 49
0.360973 48
0.280841 48
0.451074 48
0.360982 49
0.454344 49
0.361110 49
0.451225 48
0.360983 48
0.360976 49
0.451205 48
0.361418 50
0.361151 48
0.360948 48
0.360992 49
0.361096 49
0.451530 47
0.361130 48
0.361063 48
0.361579 47
0.451156 47
0.451358 49
0.361259 48
0.552093 47
0.361207 48
0.360945 48
0.453344 47
0.449868 47
0.361014 48
0.360982 48
0.451322 48
0.280859 48
0.451130 48
0.360990 48
0.280851 48
0.451253 48
0.280791 48
0.451111 49
0.280834 48
0.361036 48
0.360893 48
0.451105 46
0.451071 49
0.280777 48
0.451051 46
0.280770 47
0.451352 48
0.280880 49
0.360927 49
0.360924 49
0.360959 48
0.360952 49
0.361088 48
0.361008 48
0.451191 47
0.280860 47
0.360952 48
0.360898 49
0.360910 48
0.280929 48
0.360907 49
0.451083 49
0.280800 46
0.450984 48
0.281099 49
0.360942 49
0.360919 48
0.360859 48
0.360904 47
0.280796 49
0.451132 47
0.360998 49
0.360964 49
0.360956 49
0.361020 49
0.360960 46
0.361086 48
0.361017 49
0.451162 47
0.280760 48
0.451109 47
0.280859 47
0.362179 48
0.360978 49
0.451072 48
0.280887 49
0.360952 47
0.361058 48
0.361093 49
0.361146 48
0.360825 49
0.360966 48
0.360949 48
0.360931 48
0.361039 47
0.360974 49
0.360869 46
0.360948 49
0.360927 48
0.360999 47
0.360899 47
0.361012 48
0.360927 47
0.360940 50
0.280720 47
0.451135 48
0.280808 48
0.451110 48
0.280870 47
0.451174 50
0.280855 49
0.360983 48
0.360876 50
0.360934 48
0.360977 50
0.360922 47
0.360925 49
0.360881 48
0.361059 48
0.360942 48
0.451243 49
0.361010 48
0.451138 48
0.280902 48
0.451044 48
0.361051 49
0.451137 48
0.280729 48
0.451089 48
0.280848 48
0.360963 49
0.360968 48
0.360939 48
0.360927 48
0.280832 48
0.451769 47
0.280859 48
0.451143 48
0.280780 49
0.361566 48
0.360365 49
0.451141 48
0.281406 48
0.360947 49
0.451293 47
0.280848 48
0.360880 49
0.360911 49
0.360995 49
0.280824 48
0.451151 48
0.280821 47
0.360933 49
0.360896 49
0.360998 48
0.451633 47
0.280740 48
0.361008 47
0.361088 48
0.451123 48
0.280854 48
0.451174 48
0.280862 49
0.451084 47
0.280857 49
0.551627 48
0.361078 48
0.360911 49
0.280786 48
0.360983 48
0.451083 48
0.280804 48
0.360946 48
0.360981 46
0.360951 46
0.360999 48
0.280802 48
0.361056 47
0.360870 49
0.360887 48
0.360943 48
0.280822 46
0.360946 48
0.451283 48
0.361407 48
0.451286 49
0.360857 48
0.280808 48
0.360956 48
0.360972 48
0.280945 49
0.451088 49
0.280776 49
0.360978 48
0.361105 49
0.451182 48
0.360871 48
0.451170 49
0.360995 48
0.451233 48
0.360922 48
0.360960 48
0.360920 49
0.451295 47
0.361183 48
0.453876 49
0.451189 49
0.361172 48
0.361096 49
0.360886 49
0.361030 48
0.360939 48
0.451014 48
0.280796 47
0.451035 49
0.280764 46
0.451098 47
0.451203 48
0.551446 48
0.280851 48
0.451087 50
0.281212 47
0.361008 48
0.551751 48
0.451388 48
0.361564 47
0.361007 47
0.451160 48
0.280991 48
0.451094 48
0.280775 48
0.451117 49
0.360883 49
0.361048 48
0.360953 49
0.280796 49
0.451074 48
0.280779 47
0.361027 48
0.361051 48
0.360870 48
0.451448 48
0.280855 49
0.451099 48
0.280700 48
0.451064 48
0.280827 48
0.361061 47
0.280830 48
0.451108 48
0.280763 47
0.451210 49
0.361192 48
0.452106 48
0.781941 48
0.918349 49
0.449352 49
0.361232 48
0.451635 49
0.451123 48
0.451359 48
0.280780 49
0.360944 48
0.280763 48
0.451083 48
0.360954 48
0.451279 47
0.451308 49
0.451200 47
0.280725 48
0.360899 49
0.361029 48
0.360881 48
0.280707 48
0.360888 48
0.451060 49
0.280899 50
0.361082 47
0.451079 48
0.280852 49
0.451070 48
0.280830 49
0.451196 48
0.280830 47
0.360926 49
0.361014 49
0.280743 48
0.360903 48
0.361021 48
0.360935 49
0.360993 49
0.360944 47
0.280741 50
0.360913 48
0.451204 48
0.280728 48
0.451194 48
0.361031 48
0.360956 48
0.360955 48
0.361480 48
0.360825 47
0.360972 47
0.361016 49
0.360946 48
0.360998 48
0.361071 48
0.360990 47
0.360964 48
0.361001 47
0.361052 50
0.280782 48
0.451064 46
0.360990 46
0.361034 47
0.360934 49
0.360971 48
0.360905 49
0.360897 47
0.360935 48
0.361045 47
0.360983 47
0.451114 49
0.280815 48
0.361079 49
0.360929 48
0.360916 49
0.360972 48
0.360891 48
0.280725 50
0.451218 48
0.451117 49
0.280786 48
0.360947 49
0.361001 48
0.360956 48
0.360999 48
0.360973 48
0.280796 49
0.360986 49
0.360901 49
0.360999 48
0.360876 48
0.360960 48
0.360891 49
0.451304 48
0.360993 50
0.360956 48
0.360930 47
0.360948 48
0.280832 48
0.451341 48
0.360997 46
0.451092 48
0.360916 48
0.360949 48
0.360991 49
0.361039 48
0.360907 48
0.280749 48
0.451113 49
0.280799 47
0.360998 49
0.360874 47
0.280787 48
0.451051 48
0.360971 49
0.451223 49
0.361011 48
0.451060 49
0.360960 47
0.360940 46
0.451135 48
0.280752 47
0.451258 48
0.280839 46
0.361045 49
0.451102 48
0.280782 49
0.360988 49
0.360890 48
0.360933 48
0.280741 48
0.451164 47
0.280937 48
0.451200 49
0.361018 48
0.451087 48
0.361017 49
0.360950 48
0.360886 49
0.280765 47
0.360935 48
0.360884 47
0.280743 48
0.361031 48
0.360968 48
0.451089 47
0.281792 49
0.457293 48
0.361010 47
0.451195 49
0.280924 48
0.360999 48
0.451173 48
0.280819 49
0.360952 47
0.360923 48
0.280804 49
0.451211 48
0.280821 48
0.361058 49
0.360926 47
0.280828 49
0.360972 48
0.361032 49
0.280818 48
0.360918 48
0.360992 47
0.280786 49
0.360951 48
0.280916 49
0.360962 46
0.360910 49
0.280798 48
0.360953 48
0.360981 48
0.360905 49
0.280750 47
0.361014 48
0.360894 48
0.361043 47
0.360926 48
0.360936 49
0.360910 47
0.360981 48
0.360847 49
0.360875 48
0.280902 48
0.451125 48
0.282350 49
0.360984 49
0.451044 48
0.280807 48
0.360951 47
0.280727 48
0.451285 48
0.280933 48
0.360994 47
0.361035 48
0.361291 49
0.281039 49
0.360965 47
0.361047 49
0.361089 50
0.361090 48
0.360988 49
0.360995 48
0.360947 49
0.280798 47
0.360979 49
0.360987 48
0.280726 48
0.360957 48
0.451093 49
0.451299 48
0.280891 48
0.451284 48
0.451370 49
0.280817 49
0.360984 48
0.454996 49
0.361206 49
0.361063 45
0.360938 48
0.361012 48
0.280842 49
0.451237 48
0.280818 48
0.361083 48
0.361016 48
0.361004 48
0.280795 48
0.360968 49
0.360955 48
0.360872 47
0.360964 48
0.280775 49
0.360942 49
0.451105 49
0.280772 48
0.360958 49
0.451303 48
0.280737 47
0.280889 48
0.451225 49
0.280816 48
0.451124 50
0.361006 48
0.280817 47
0.451193 50
0.280708 48
0.361015 49
0.360950 48
0.280793 48
0.360794 48
0.361019 48
0.360938 48
0.280698 47
0.360948 49
0.360976 49
0.361065 48
0.361022 49
0.360951 46
0.361170 48
0.280788 47
0.361019 48
0.361265 49
0.360968 48
0.451175 48
0.280793 49
0.360955 48
0.361016 48
0.551443 48
0.361064 49
0.360973 48
0.451028 47
0.280810 48
0.280843 47
0.360941 48
0.360936 49
0.361040 48
0.360963 48
0.360976 48
0.280979 49
0.360911 48
0.280806 48
0.360964 48
0.360958 48
0.360941 48
0.280797 48
0.451170 49
0.280829 48
0.361072 48
0.551368 49
0.451182 48
0.453546 48
0.361038 49
0.360902 48
0.360907 49
0.360969 47
0.360932 47
0.280894 48
0.451207 48
0.451199 49
0.361128 45
0.280837 49
0.451573 49
0.451181 49
0.280891 49
0.360966 48
0.360865 48
0.451121 49
0.361096 49
0.451245 48
0.360895 47
0.360959 49
0.280820 49
0.361122 48
0.360983 49
0.360913 49
0.280815 48
0.361023 47
0.360885 50
0.360914 48
0.360882 49
0.360909 49
0.360971 49
0.361057 49
0.360967 48
0.360977 48
0.360998 48
0.360995 49
0.361023 48
0.280730 48
0.361038 49
0.360905 49
0.280781 48
0.360993 48
0.360908 49
0.361027 48
0.280807 49
0.451130 48
0.360921 46
0.360899 48
0.361659 47
0.360940 48
0.280813 48
0.360953 48
0.361018 48
0.281139 47
0.452751 49
0.280751 49
0.360897 49
0.360932 49
0.360925 49
0.280836 47
0.451145 47
0.280809 48
0.360907 48
0.361051 48
0.280792 47
0.360914 47
0.360851 49
0.280786 49
0.360982 49
0.360960 50
0.280768 50
0.360894 48
0.360910 48
0.280741 48
0.360937 48
0.360841 49
0.360875 47
0.280777 50
0.360955 47
0.360986 49
0.280801 50
0.361006 50
0.451523 49
0.280839 50
0.360883 50
0.451121 48
0.281138 50
0.361002 48
0.280883 48
0.360906 49
0.360923 49
0.360936 49
0.360927 49
0.360930 49
0.280783 49
0.360925 48
0.360962 48
0.361033 50
0.452069 47
0.280763 49
0.360879 49
0.360979 49
0.360994 49
0.360991 49
0.360969 49
0.360929 49
0.361051 49
0.360952 48
0.280985 48
0.360956 49
0.451093 49
0.280719 49
0.360952 48
0.361007 49
0.360928 49
0.280752 49
0.451281 49
0.280876 48
0.360946 50
0.360968 49
0.360932 49
0.360985 49
0.360929 49
0.360947 47
0.280792 50
0.360962 50
0.360963 49
0.361000 48
0.361109 46
0.360915 50
0.360936 48
0.360972 49
0.361054 50
0.280877 48
0.361006 48
0.280795 48
0.360851 49
0.361017 49
0.280855 49
0.361023 49
0.360901 50
0.360931 49
0.360980 48
0.280843 50
0.360948 49
0.360987 49
0.280784 49
0.360933 50
0.451100 48
0.280839 49
0.280845 49
0.451197 48
0.280747 50
0.360938 48
0.360961 49
0.360964 48
0.360914 49
0.280792 49
0.360958 49
0.360990 48
0.361095 49
0.360898 48
0.360977 49
0.280753 49
0.360886 48
0.360973 48
0.280775 50
0.451075 48
0.280794 48
0.360891 49
0.361029 49
0.360994 49
0.280754 48
0.361151 48
0.360902 48
0.280801 49
0.360978 49
0.360963 47
0.360970 48
0.360903 49
0.360990 50
0.280794 50
0.360971 49
0.360944 49
0.280853 48
0.360939 49
0.360953 49
0.280755 49
0.360910 49
0.360908 48
0.280790 49
0.360916 49
0.280784 48
0.360959 48
0.280760 48
0.360911 50
0.360902 50
0.280789 49
0.360946 48
0.361024 49
0.280840 49
0.361011 49
0.280823 49
0.360981 50
0.360887 47
0.280742 49
0.360929 49
0.280814 49
0.360977 49
0.280739 50
0.360987 49
0.361011 48
0.280858 48
0.360842 50
0.280775 50
0.361025 49
0.280736 49
0.360840 49
0.361101 50
0.360826 50
0.360888 48
0.361006 49
0.360938 50
0.280839 49
0.280848 46
0.451092 48
0.280905 48
0.361063 49
0.280724 47
0.280719 49
0.360873 49
0.280758 49
0.360903 50
0.280849 49
0.360966 50
0.360969 49
0.281151 50
0.360895 48
0.360946 50
0.360995 50
0.360926 48
0.280848 50
0.361012 49
0.360928 48
0.280779 49
0.361025 48
0.280796 50
0.360892 49
0.361000 48
0.280848 49
0.360870 50
0.280872 50
0.280844 47
0.360957 47
0.451101 49
0.280808 49
0.280767 49
0.360911 49
0.280824 50
0.360971 49
0.360932 50
0.361132 49
0.280853 48
0.360994 48
0.280833 48
0.361289 49
0.360940 50
0.361102 49
0.360874 48
0.361621 50
0.360945 49
0.280817 49
0.360993 47
0.360992 49
0.280983 49
0.361006 47
0.280853 50
0.360979 49
0.360967 49
0.360882 50
0.280856 50
0.361506 48
0.360921 49
0.360884 49
0.360954 49
0.360914 48
0.280949 49
0.451177 49
0.280915 48
0.280829 50
0.360985 49
0.360902 49
0.361000 49
0.361192 50
0.360971 49
0.280868 49
0.361040 48
0.280928 50
0.360944 49
0.361013 48
0.361067 48
0.280758 49
0.280784 49
0.360980 48
0.361022 48
0.280830 49
0.360933 48
0.360980 50
0.280765 49
0.361101 50
0.360949 49
0.360936 49
0.280825 49
0.451087 49
0.360963 48
0.280900 50
0.361010 50
0.280827 49
0.360922 48
0.280860 48
0.361079 49
0.360932 50
0.280732 50
0.451163 50
0.280911 49
0.360971 49
0.360909 49
0.280738 48
0.360975 49
0.280720 49
0.360872 48
0.280811 48
0.360922 49
0.280847 50
0.360918 49
0.281052 49
0.360973 50
0.360932 49
0.280717 48
0.360941 50
0.361024 47
0.280771 50
0.360924 50
0.280776 50
0.361028 50
0.360931 50
0.360990 49
0.280821 47
0.280827 48
0.360991 50
0.360896 50
0.280813 48
0.360898 50
0.280701 50
0.360881 48
0.280774 49
0.360919 48
0.280801 48
0.360982 49
0.361044 49
0.280843 49
0.360904 49
0.360935 49
0.280836 49
0.360967 50
0.280718 50
0.451132 48
0.280831 48
0.280736 49
0.361023 48
0.360895 49
0.280682 49
0.360949 49
0.360887 46
0.360867 46
0.280736 48
0.360856 50
0.280790 50
0.360953 50
0.280793 49
0.361016 50
0.280799 50
0.360924 49
0.280794 49
0.360931 49
0.280815 50
0.360977 49
0.280782 49
0.360931 48
0.280959 50
0.360914 50
0.280779 48
0.360893 50
0.280688 48
0.280841 48
0.360963 48
0.280832 50
0.360972 47
0.280822 48
0.360946 49
0.451198 49
0.361199 49
0.280879 49
0.360931 49
0.280748 49
0.360912 49
0.280792 48
0.360887 50
0.280719 47
0.280786 48
0.360907 50
0.280948 49
0.451182 49
0.360933 48
0.280793 50
0.360991 49
0.280840 50
0.360993 49
0.280766 50
0.360900 50
0.281355 48
0.360753 50
0.280761 49
0.360933 49
0.361059 50
0.280776 50
0.360962 50
0.280879 49
0.361037 49
0.280803 50
0.360907 48
0.360933 48
0.360915 50
0.360929 50
0.280940 48
0.360999 50
0.280749 50
0.360986 48
0.361011 49
0.451724 49
0.280914 50
0.361010 48
0.451334 50
0.280823 50
0.361044 48
0.361011 50
0.280909 50
0.360969 49
0.361066 49
0.361017 49
0.360994 50
0.361034 50
0.361009 49
0.360954 49
0.361093 49
0.361053 49
0.360938 48
0.360975 49
0.360979 49
0.360923 49
0.280812 49
0.360951 50
0.360971 49
0.280829 50
0.360992 50
0.280972 49
0.361043 50
0.361048 50
0.280845 49
0.360966 50
0.451123 49
0.280821 49
0.360987 48
0.360982 50
0.361024 49
0.360968 48
0.361034 50
0.360968 49
0.360916 49
0.360934 50
0.280813 50
0.361011 49
0.452010 49
0.280807 50
0.280945 49
0.361020 49
0.360955 50
0.280923 47
0.360933 49
0.360948 48
0.280843 49
0.360943 50
0.280850 49
0.361038 49
0.360984 48
0.361475 49
0.280873 49
0.451243 50
0.280969 50
0.361015 50
0.280805 48
0.451189 50
0.280876 49
0.361065 49
0.281139 49
0.451186 49
0.360934 49
0.280784 48
0.451095 48
0.280751 48
0.361058 49
0.280938 49
0.360949 50
0.360993 50
0.280858 49
0.361007 50
0.280784 49
0.280819 49
0.361004 50
0.280917 50
0.361020 50
0.361111 50
0.361434 49
0.280817 49
0.361132 50
0.280754 49
0.360859 50
0.280822 50
0.360947 49
0.554165 50
0.451455 50
0.360891 49
0.280866 48
0.361078 48
0.360916 49
0.360986 50
0.280835 49
0.280861 48
0.360971 50
0.280834 50
0.451243 49
0.280868 48
0.281019 49
0.361102 49
0.280872 49
0.360974 50
0.280742 50
0.361724 49
0.280925 50
0.360838 50
0.280750 49
0.280783 49
0.360966 50
0.280931 49
0.360936 49
0.280710 50
0.280780 49
0.360967 50
0.280739 50
0.360986 49
0.280816 49
0.361095 49
0.280882 50
0.360990 50
0.280790 49
0.360885 49
0.280851 50
0.360913 49
0.280748 49
0.280884 50
0.360912 49
0.280833 50
0.280740 49
0.360873 49
0.280886 49
0.280795 50
0.360908 49
0.280933 50
0.360990 49
0.280770 50
0.360948 50
0.280871 49
0.360941 49
0.280856 49
0.281064 50
0.360972 49
0.280873 48
0.280740 50
0.360987 49
0.280744 48
0.280771 49
0.360941 49
0.280826 48
0.361067 49
0.280893 48
0.280796 49
0.360927 49
0.280780 49
0.361075 49
0.280753 48
0.280782 49
0.360995 50
0.280850 48
0.360940 49
0.280749 50
0.360986 49
0.280778 49
0.360917 50
0.280724 50
0.361047 48
0.280799 50
0.280908 48
0.360997 50
0.280795 49
0.280812 49
0.360944 49
0.280816 49
0.280812 49
0.360954 49
0.280908 50
0.360947 50
0.280748 49
0.280704 50
0.280783 50
0.361156 50
0.280805 50
0.360971 49
0.280878 48
0.451197 49
0.280801 49
0.280905 50
0.361032 50
0.280745 49
0.360970 49
0.360972 49
0.280813 49
0.451104 49
0.280854 49
0.280792 50
0.451118 48
0.280789 50
0.280841 50
0.360953 49
0.280787 50
0.360966 50
0.281819 49
0.361007 50
0.280835 49
0.360957 50
0.280788 49
0.361111 48
0.280826 50
0.361028 50
0.280915 50
0.280874 48
0.361035 50
0.280827 49
0.360963 48
0.280836 49
0.361078 49
0.280745 50
0.360992 49
0.360913 50
0.280850 49
0.280815 49
0.360927 48
0.361012 50
0.280801 50
0.280734 50
0.360929 50
0.280798 50
0.360993 49
0.280778 50
0.360887 50
0.280805 49
0.360919 48
0.280872 47
0.360983 50
0.280780 49
0.360967 50
0.280949 49
0.360881 49
0.280784 49
0.360919 49
0.280845 49
0.361060 49
0.361085 49
0.280974 49
0.363725 50
0.280702 50
0.280696 47
0.280844 50
0.361051 49
0.280885 50
0.280851 49
0.280760 50
0.360934 49
0.280899 49
0.280801 49
0.280816 49
0.360932 50
0.280811 50
0.280747 50
0.280831 50
0.360945 50
0.280755 49
0.361123 50
0.280845 50
0.360980 48
0.280837 50
0.280763 50
0.360947 49
0.360974 48
0.280774 50
0.280870 49
0.360956 48
0.280924 49
0.360898 48
0.280841 49
0.280895 49
0.361012 49
0.280946 49
0.451226 50
0.280825 50
0.360888 50
0.280926 49
0.361328 49
0.280894 50
0.451077 50
0.210807 48
0.360919 49
0.361043 49
0.280835 49
0.280816 48
0.280740 50
0.361861 49
0.279948 50
0.360944 49
0.280817 50
0.280852 50
0.280823 50
0.361002 48
0.280780 50
0.280777 50
0.361094 50
0.280877 49
0.360947 50
0.280837 49
0.361042 49
0.280855 49
0.360945 50
0.360990 50
0.280761 49
0.360968 47
0.280793 50
0.361422 49
0.280489 50
0.361144 50
0.280758 50
0.360956 50
0.280868 48
0.361000 48
0.280755 49
0.360988 50
0.280877 47
0.361051 50
0.280862 50
0.362217 50
0.280824 50
0.360927 49
0.280772 51
0.280810 49
0.360925 49
0.280733 50
0.280752 51
0.280702 49
0.360870 50
0.280819 49
0.280874 49
0.361742 50
0.280801 48
0.360879 50
0.280774 50
0.280791 51
0.360906 49
0.280738 49
0.280786 49
0.360983 51
0.280844 49
0.360974 51
0.280770 49
0.280829 49
0.280796 50
0.361105 50
0.280805 50
0.280727 50
0.280696 50
0.360936 50
0.280845 50
0.280773 49
0.280829 48
0.360891 49
0.280829 49
0.360934 50
0.280777 49
0.280733 50
0.280802 50
0.451163 50
0.364167 50
0.360932 49
0.280850 49
0.360888 50
0.280962 49
0.280753 50
0.360913 49
0.280790 50
0.280827 50
0.361011 50
0.280919 49
0.360917 50
0.280751 50
0.451252 50
0.280801 50
0.280886 49
0.280770 49
0.361003 49
0.280798 49
0.280760 49
0.360972 50
0.280974 49
0.280824 49
0.360907 51
0.280810 49
0.280883 49
0.360949 50
0.280748 49
0.360948 50
0.280712 50
0.280812 50
0.280830 50
0.360949 50
0.280821 50
0.280784 50
0.360956 50
0.280807 50
0.360919 50
0.280764 50
0.361173 50
0.280901 49
0.360959 48
0.280769 50
0.360980 50
0.361087 50
0.280806 51
0.451165 49
0.280845 50
0.554127 49
0.280782 50
0.360949 49
0.280860 49
0.365039 50
0.280822 51
0.360966 50
0.280780 49
0.280722 50
0.360901 51
0.280776 48
0.360965 50
0.280750 50
0.361000 48
0.280831 49
0.280809 51
0.360973 49
0.280841 50
0.280982 50
0.280796 49
0.360948 49
0.280818 50
0.361013 50
0.280799 49
0.280765 50
0.361007 50
0.280815 49
0.360982 50
0.280756 51
0.280798 51
0.360963 49
0.280873 48
0.280779 50
0.360882 49
0.280843 49
0.360986 50
0.280850 50
0.451124 51
0.210681 51
0.280748 50
0.360980 50
0.280857 50
0.361095 49
0.280827 50
0.361337 49
0.280797 51
0.360993 51
0.280854 50
0.360950 49
0.280817 49
0.361062 51
0.280821 51
0.360940 50
0.280751 50
0.360960 50
0.280858 50
0.360949 51
0.280820 50
0.360979 51
0.280853 50
0.360956 51
0.280797 50
0.361050 50
0.280831 51
0.360941 50
0.280954 50
0.361097 50
0.280766 50
0.360930 50
0.280800 50
0.360977 51
0.280776 50
0.361057 51
0.280750 51
0.360948 51
0.281037 49
0.280763 49
0.360949 50
0.281055 51
0.360948 49
0.280782 50
0.360965 51
0.281200 50
0.453432 51
0.361091 51
0.361002 50
0.360819 50
0.280844 51
0.280846 51
0.451306 50
0.281140 51
0.361232 50
0.361012 50
0.362458 50
0.360980 49
0.280784 50
0.280744 50
0.360878 51
0.280801 50
0.280939 50
0.360949 50
0.280810 51
0.280838 51
0.360901 50
0.280882 50
0.280769 50
0.360870 51
0.281126 50
0.361068 51
0.281083 51
0.360969 51
0.280867 51
0.280823 51
0.360973 51
0.280806 51
0.360970 51
0.280832 51
0.361023 50
0.280862 51
0.280810 51
0.360924 51
0.361053 49
0.361061 50
0.280986 51
0.361062 50
0.280811 50
0.360999 51
0.280815 50
0.280819 50
0.361007 50
0.280811 51
0.280845 50
0.363436 51
0.280832 51
0.360951 50
0.280783 50
0.280876 50
0.551425 51
0.281104 51
0.280734 50
0.360958 50
0.280792 50
0.280822 51
0.360955 50
0.280782 51
0.280810 50
0.360959 51
0.280781 51
0.280793 51
0.360951 51
0.280841 51
0.280815 50
0.360995 50
0.280900 51
0.361012 51
0.280764 51
0.280761 51
0.280811 50
0.360918 50
0.280785 52
0.370841 50
0.361071 50
0.280806 51
0.360976 51
0.280867 51
0.280745 51
0.361076 49
0.280852 50
0.360921 52
0.280832 51
0.361166 49
0.280873 50
0.361058 52
0.280945 432
0.451929 8
0.000038 36
0.000033 123
0.000032 43
0.000014 83
0.000019 9
0.000017 15
0.000014 29
0.000016 14
0.000013 34
0.000015 23
0.000013 29
0.000015 30
0.000015 9
0.000015 17
0.000014 29
0.000013 28
0.000015 9
0.000013 23
0.000013 27
0.000012 36
0.000041 67
0.000013 2
0.000011 18
0.000012 27
0.000012 25
0.000013 9
0.000012 2
0.000008 28
0.000014 36
0.000013 22
0.000014 9
0.000013 2
0.000014 35
0.000013 24
0.000014 27
0.000013 40
0.000013 9
0.000013 2
0.000011 45
0.000013 30
0.000015 9
0.000013 8
0.000014 11
0.000013 23
0.000013 9
0.000010 2
0.000010 27
0.000014 21
0.000013 9
0.000014 2
0.000009 29
0.000014 23
0.000013 9
0.000013 14
0.000012 11
0.000011 10
0.000012 26
0.000012 33
0.000012 38
0.000013 12
0.000012 2
0.000012 27
0.000012 38
0.000012 2
0.000010 8
0.000012 18
0.000013 281
0.000030 2
0.000007 28
0.000014 31
0.000011 5
0.000013 72
0.000019 64
0.000017 54
0.000017 129
0.000023 168
0.000025 39
0.000014 6
0.000014 2
0.000012 21
0.000013 5
0.000010 101
0.000024 69
0.000018 55
0.000016 8
0.000014 61
0.000015 121
0.000022 9
0.000014 6
0.000013 2
0.000013 35
0.000013 5
0.000013 82
0.000015 8
0.000012 64
0.000011 56
0.000016 117
0.000018 9
0.000011 2
0.000010 107
0.000019 8
0.000014 145
0.000022 10
0.000014 121
0.000034 218
0.000031 157
0.000027 87
0.000021 122
0.000023 11
0.000014 9
0.000014 6
0.000013 2
0.000013 31
0.000011 5
0.000011 188
0.000029 6
0.000013 2
0.000013 13
0.000012 2
0.000012 30
0.000014 11
0.000014 10
0.000012 23
0.000011 33
0.000014 26
0.000014 11
0.000014 12
0.000013 11
0.000013 10
0.000014 43
0.000015 23
0.000014 33
0.000016 11
0.000013 10
0.000014 46
0.000014 38
0.000015 32
0.000014 11
0.000014 10
0.000014 40
0.000017 27
0.000014 33
0.000014 11
0.000014 12
0.000013 10
0.000014 2
0.000014 25
0.000013 21
0.000014 2
0.000012 99
0.000017 72
0.000013 13
0.000010 3
0.000014 14
0.000013 13
0.000013 3
0.000014 15
0.000014 108
0.000022 2
0.000014 22
0.000014 47
0.000014 10
0.000013 44
0.000014 9
0.000013 2
0.000013 2
0.000010 2
0.000010 2
0.000011 32
0.000013 29
0.000012 58
0.000014 8
0.000014 2
0.000012 2
0.000010 2
0.000012 2
0.000012 12
0.000012 11
0.000012 9
0.196178 63
0.009246 9
0.002058 227
0.002451 293
23.478368 37
0.001755 71
0.065592 72
0.003554 56
0.367595 57
0.002412 55
0.180771 66
0.004007 54
0.105485 54
0.001715 52
0.131720 53
0.002897 80
0.131071 81
0.004392 32
0.519994 37
0.004097 32
0.076192 37
0.003230 32
0.151422 37
0.003390 32
0.198281 32
0.039884 38
0.001310 32
1.338833 37
0.001163 32
0.111751 32
0.037121 37
0.001915 32
0.519522 37
0.001397 32
0.070630 32
0.040240 61
0.001195 32
0.340628 269
0.000367 8
0.007808 65
0.881358 25
0.000122 747
0.000010 299
0.000165 329
0.000005 223
0.000005 180
0.000003 222
0.000004 93
0.000097 422
3.172668 33
0.000025 49
0.226643 33
0.000040 48
0.193263 79
0.148368 114
0.120905 42
0.137929 42
2.715463 28
0.047449 63
0.008904 5
0.000025 4
0.002554 223
0.003121 293
0.807559 72
0.594266 33
0.173322 33
0.126739 33
0.147187 33
0.137490 33
0.943481 35
0.215555 35
0.213796 33
0.409170 33
0.179755 35
0.557905 64
5.994323 72
0.326952 150
1.420481 137
0.441634 152
0.516751 137
0.230588 152
0.527729 137
0.147391 152
0.153209 122
0.121155 64
0.145500 32
0.128257 32
6092.160554 37
0.002574 67
0.097426 68
0.002387 66
0.163669 32
0.065664 467
0.000013 186
0.000006 3
0.000011 276
1.531360 32
0.520542 636
0.003475 32
0.425789 284
0.000293 8
0.063863 64
0.005745 97
0.065728 63
0.015774 5
0.000499 4
0.003216 213
0.006428 16
0.000025 2
0.000014 1
0.000013 2
0.000013 1
0.000013 2
0.000015 276
319.510939 40
0.001604 56
0.063182 60
0.002577 55
0.344364 69
0.002498 32
0.079682 37
0.002456 32
0.242115 32
0.058289 63
0.002713 32
0.344703 242
0.000253 8
0.011295 76
0.269982 84
0.000102 441
0.000009 97
0.000016 97
0.193760 63
0.005194 9
0.001780 213
0.002278 293
84.882583 59
0.313077 96
0.689546 80
0.308856 62
9045.294306 211
